5.14025213501
Hour 0
1227.55 2447 4.47
1227.55 2622 6.22
4.11722298571
Hour 1
1175.9 2495 4.95
1175.9 2714 7.14
3.85732812518
Hour 2
1129.24 2656 6.56
1129.24 2889 8.89
3.19348306821
Hour 3
1106.52 2412 4.12
1106.52 2694 6.94
3.38868940107
Hour 4
1206.79 2510 5.1
1206.79 2776 7.76
3.34539427197
Hour 5
1525.9 2217 2.17
1525.9 2486 4.86
5.80664132721
Hour 6
2541.14 2247 2.47
2541.14 2402 4.02
9.97354615144
Hour 7
3081.04 2237 2.37
3081.04 2327 3.27
9.49124671878
Hour 8
3224.71 2252 2.52
3224.71 2347 3.47
8.81332384744
Hour 9
3242.03 2261 2.61
3242.03 2364 3.64
8.26149281291
Hour 10
2779.82 2312 3.12
2779.82 2421 4.21
8.88057762346
Hour 11
2398.46 2274 2.74
2398.46 2376 3.76
8.45084715565
Hour 12
2343.28 2326 3.26
2343.28 2432 4.32
8.51945210843
Hour 13
2134.03 2402 4.02
2134.03 2508 5.08
8.43946020496
Hour 14
2180.27 2324 3.24
2180.27 2430 4.3
7.61293939954
Hour 15
2072.65 2377 3.77
2072.65 2495 4.95
7.13844509594
Hour 16
2110.22 2297 2.97
2110.22 2423 4.23
7.71806559956
Hour 17
2182.76 2403 4.03
2182.76 2519 5.19
9.94236763967
Hour 18
2413.24 2398 3.98
2413.24 2488 4.88
12.2691681484
Hour 19
2119.08 2293 2.93
2119.08 2366 3.66
13.0106899329
Hour 20
2069.47 2291 2.91
2069.47 2360 3.6
12.7386081084
Hour 21
1915.32 2285 2.85
1915.32 2356 3.56
9.19284892231
Hour 22
1578.28 2250 2.5
1578.28 2348 3.48
6.40522920839
Hour 23
1147.65 2620 6.2
1147.65 2761 7.61
