0.159186182228
Hour 0
52446.8828 2208 2.08
0.151698586086
Hour 1
40744.2146 2218 2.18
0.145539281464
Hour 2
34310.428 2220 2.2
0.142050277819
Hour 3
31155.0972 2240 2.4
0.148023216602
Hour 4
34190.8133 2244 2.44
0.195326190288
Hour 5
44617.2745 2231 2.31
0.333632806834
Hour 6
140153.9384 2216 2.16
0.388856455074
Hour 7
312213.5142 2235 2.35
0.41593545295
Hour 8
317648.0256 2226 2.26
0.426792990733
Hour 9
289763.5984 2225 2.25
0.355319716909
Hour 10
239739.2452 2248 2.48
0.299746068041
Hour 11
209385.3161 2211 2.11
0.29821174507
Hour 12
202037.6563 2235 2.35
0.271080029978
Hour 13
176259.0721 2233 2.33
0.279891254028
Hour 14
169350.4778 2261 2.61
0.263825932101
Hour 15
144424.3533 2228 2.28
0.266224373683
Hour 16
139622.9225 2226 2.26
0.278898593231
Hour 17
162199.1614 2237 2.37
0.306933774682
Hour 18
230182.3436 2255 2.55
0.268233882107
Hour 19
271697.3137 2217 2.17
0.259728373027
Hour 20
286839.311 2208 2.08
0.236395021789
Hour 21
258279.5236 2237 2.37
0.206511977218
Hour 22
155475.1373 2209 2.09
0.140863761073
Hour 23
70504.3949 2213 2.13
