9.53431126826
Hour 0
7741.27261822 1963 -0.369999999997
7741.24713405 2058 0.580000000003
7741.22203698 2016 0.160000000003
7.21031202931
Hour 1
5847.76704674 1932 -0.679999999997
5847.7609208 2056 0.560000000003
5847.71951696 2001 0.0100000000031
6.23288385581
Hour 2
4875.87034935 1955 -0.449999999997
4875.89119123 2100 1.0
4875.93446084 2036 0.360000000003
4.95634024659
Hour 3
4104.43157494 1927 -0.729999999997
4104.39398811 2109 1.09
4104.42077126 2028 0.280000000003
5.96823372196
Hour 4
4388.1491152 1918 -0.819999999997
4388.18774087 2069 0.690000000003
4388.19186061 2002 0.0200000000031
4.79820184653
Hour 5
6438.89014695 1883 -1.17
6438.88377773 2071 0.710000000003
6438.92370522 1987 -0.129999999997
6.84763083117
Hour 6
16045.560193 1893 -1.07
16045.6523213 2025 0.250000000003
16045.5572791 1966 -0.339999999997
10.9171793079
Hour 7
29482.6477649 1887 -1.13
29482.4593726 1970 -0.299999999997
29482.5211686 1933 -0.669999999997
10.4076255217
Hour 8
30398.7981952 2028 0.280000000003
30398.8712047 2114 1.14
30398.790644 2076 0.760000000003
10.7760977149
Hour 9
27089.834467 2049 0.490000000003
27089.8020804 2132 1.32
27089.8095298 2095 0.950000000003
10.7103335597
Hour 10
21399.0475247 2082 0.820000000003
21399.0474915 2166 1.66
21399.0478633 2129 1.29
9.34952560294
Hour 11
17479.3901424 2164 1.64
17479.2896306 2260 2.6
17479.3266967 2217 2.17
8.72140660444
Hour 12
17448.2518211 2183 1.83
17448.2191012 2286 2.86
17448.2764409 2240 2.4
8.89236823574
Hour 13
14504.1383872 2186 1.86
14504.1946985 2287 2.87
14504.1994113 2242 2.42
8.85319861745
Hour 14
15421.6233732 2159 1.59
15421.6384389 2260 2.6
15421.5541206 2215 2.15
10.9188028813
Hour 15
16042.3992108 2112 1.12
16042.2520858 2195 1.95
16042.3459849 2158 1.58
8.04534043779
Hour 16
14785.3787749 2064 0.640000000003
14785.3516061 2176 1.76
14785.3988709 2127 1.27
8.45531688111
Hour 17
17958.8875685 1917 -0.829999999997
17959.0814882 2023 0.230000000003
17958.9465427 1976 -0.239999999997
12.1642650415
Hour 18
28040.9116296 1908 -0.919999999997
28040.9093732 1982 -0.179999999997
28040.929974 1949 -0.509999999997
16.7743787736
Hour 19
30238.1745586 1940 -0.599999999997
30238.2896168 1993 -0.0699999999969
30238.1406293 1970 -0.299999999997
14.607997296
Hour 20
28766.8070453 1925 -0.749999999997
28766.8168421 1986 -0.139999999997
28766.7201821 1959 -0.409999999997
14.7001642453
Hour 21
24269.1151545 1951 -0.489999999997
24269.1210765 2012 0.120000000003
24269.1155044 1985 -0.149999999997
9.32547149264
Hour 22
14134.3722897 1935 -0.649999999997
14134.3669277 2031 0.310000000003
14134.4232602 1988 -0.119999999997
7.86912828717
Hour 23
7883.5957452 1957 -0.429999999997
7883.58669514 2071 0.710000000003
7883.58258595 2020 0.200000000003
