0.152009999671
Hour 0
7519.28485853 2185 1.85
0.151612796294
Hour 1
5675.03985004 2119 1.19
0.149826032451
Hour 2
4765.30519638 2147 1.47
0.141210339565
Hour 3
4190.2181061 2192 1.92
0.146940668298
Hour 4
4321.65016071 2205 2.05
0.18690200641
Hour 5
6745.24728359 2231 2.31
0.34004946699
Hour 6
17050.365552 2165 1.65
0.395454169279
Hour 7
32294.6164121 2112 1.12
0.459397692637
Hour 8
32613.0785402 2109 1.09
0.397553971179
Hour 9
28447.247646 2099 0.990000000003
0.373444775034
Hour 10
22133.670678 2161 1.61
0.28294621397
Hour 11
17929.7093488 2181 1.81
0.318678521397
Hour 12
18002.893377 2170 1.7
0.292251672365
Hour 13
15187.9183646 2100 1.0
0.332267903957
Hour 14
16063.0972592 2160 1.6
0.258610208615
Hour 15
16481.1985799 2120 1.2
0.252679164159
Hour 16
14922.8844478 2171 1.71
0.287640330969
Hour 17
18975.1874145 2153 1.53
0.304842844758
Hour 18
29499.4036696 2181 1.81
0.271407000647
Hour 19
30850.4049383 2185 1.85
0.249779182479
Hour 20
29676.8353104 2181 1.81
0.205309912084
Hour 21
24373.315604 2190 1.9
0.214371266731
Hour 22
14042.6848129 2182 1.82
0.141945905189
Hour 23
7929.56337148 2184 1.84
