2.307e+00 1.802e+00 2.289e+00 3.313e+00 5.508e+00 6.813e+00 8.179e+00 9.230e+00 1.180e+01 1.668e+01
2.817e-01 2.027e-01 2.077e-01 2.473e-01 2.816e-01 3.025e-01 3.066e-01 2.993e-01 2.901e-01 2.762e-01
-2.000e+01 -2.000e+01 -2.000e+01 -2.000e+01 -2.000e+01 -2.000e+01 -2.000e+01 -2.000e+01 -2.000e+01 -2.000e+01
-2.000e+01 -2.000e+01 -2.000e+01 -2.000e+01 -2.000e+01 -2.000e+01 -2.000e+01 -2.000e+01 -2.000e+01 -2.000e+01
-2.000e+01 -2.000e+01 -2.000e+01 -2.000e+01 -2.000e+01 -2.000e+01 -2.000e+01 -2.000e+01 -2.000e+01 -2.000e+01
-2.000e+01 -2.000e+01 -2.000e+01 -2.000e+01 -2.000e+01 -2.000e+01 -2.000e+01 -2.000e+01 -2.000e+01 -2.000e+01
-2.000e+01 -2.000e+01 -2.000e+01 -2.000e+01 -2.000e+01 -2.000e+01 -2.000e+01 -2.000e+01 -2.000e+01 -2.000e+01
-2.000e+01 -2.000e+01 -2.000e+01 -2.000e+01 -2.000e+01 -2.000e+01 -2.000e+01 -2.000e+01 -2.000e+01 -2.000e+01
-2.000e+01 -2.000e+01 -2.000e+01 -2.000e+01 -2.000e+01 -2.000e+01 -2.000e+01 -2.000e+01 -2.000e+01 -2.000e+01
-2.000e+01 -2.000e+01 -2.000e+01 -2.000e+01 -2.000e+01 -2.000e+01 -2.000e+01 -2.000e+01 -2.000e+01 -2.000e+01
-2.000e+01 -2.000e+01 -2.000e+01 -2.000e+01 -2.000e+01 -2.000e+01 -2.000e+01 -2.000e+01 -2.000e+01 -2.000e+01
-2.000e+01 -2.000e+01 -2.000e+01 -2.000e+01 -2.000e+01 -2.000e+01 -2.000e+01 -2.000e+01 -2.000e+01 -2.000e+01
-2.000e+01 -2.000e+01 -2.000e+01 -2.000e+01 -2.000e+01 -2.000e+01 -2.000e+01 -2.000e+01 -2.000e+01 -2.000e+01
-2.000e+01 -2.000e+01 -2.000e+01 -2.000e+01 -2.000e+01 -2.000e+01 -2.000e+01 -2.000e+01 -2.000e+01 -2.000e+01
-2.000e+01 -2.000e+01 -2.000e+01 -2.000e+01 -2.000e+01 -2.000e+01 -2.000e+01 -2.000e+01 -2.000e+01 -2.000e+01
-2.000e+01 -2.000e+01 -2.000e+01 -2.000e+01 -2.000e+01 -2.000e+01 -2.000e+01 -2.000e+01 -2.000e+01 -2.000e+01
-2.000e+01 -2.000e+01 -2.000e+01 -2.000e+01 -2.000e+01 -2.000e+01 -2.000e+01 -2.000e+01 -2.000e+01 -2.000e+01
-2.000e+01 -2.000e+01 -2.000e+01 -2.000e+01 -2.000e+01 -2.000e+01 -2.000e+01 -2.000e+01 -2.000e+01 -2.000e+01
-2.000e+01 -2.000e+01 -2.000e+01 -2.000e+01 -2.000e+01 -2.000e+01 -2.000e+01 -2.000e+01 -2.000e+01 -2.000e+01
-2.000e+01 -2.000e+01 -2.000e+01 -2.000e+01 -2.000e+01 -2.000e+01 -2.000e+01 -2.000e+01 -2.000e+01 -2.000e+01
-2.000e+01 -2.000e+01 -2.000e+01 -2.000e+01 -2.000e+01 -2.000e+01 -2.000e+01 -2.000e+01 -2.000e+01 -2.000e+01
-2.000e+01 -2.000e+01 -2.000e+01 -2.000e+01 -2.000e+01 -2.000e+01 -2.000e+01 -2.000e+01 -2.000e+01 -2.000e+01
-2.000e+01 -2.000e+01 -2.000e+01 -2.000e+01 -2.000e+01 -2.000e+01 -2.000e+01 -2.000e+01 -2.000e+01 -2.000e+01
-2.000e+01 -2.000e+01 -2.000e+01 -2.000e+01 -2.000e+01 -2.000e+01 -2.000e+01 -2.000e+01 -2.000e+01 -2.000e+01
-2.000e+01 -2.000e+01 -2.000e+01 -2.000e+01 -2.000e+01 -2.000e+01 -2.000e+01 -2.000e+01 -2.000e+01 -2.000e+01
-2.000e+01 -2.000e+01 -2.000e+01 -2.000e+01 -2.000e+01 -2.000e+01 -2.000e+01 -2.000e+01 -2.000e+01 -2.000e+01
-2.000e+01 -2.000e+01 -2.000e+01 -2.000e+01 -2.000e+01 -2.000e+01 -2.000e+01 -2.000e+01 -2.000e+01 -2.000e+01
-2.000e+01 -2.000e+01 -2.000e+01 -2.000e+01 -2.000e+01 -2.000e+01 -2.000e+01 -2.000e+01 -2.000e+01 -2.000e+01
-2.000e+01 -2.000e+01 -2.000e+01 -2.000e+01 -2.000e+01 -2.000e+01 -2.000e+01 -2.000e+01 -2.000e+01 -2.000e+01
-2.000e+01 -2.000e+01 -2.000e+01 -2.000e+01 -2.000e+01 -2.000e+01 -2.000e+01 -2.000e+01 -2.000e+01 -2.000e+01
-2.000e+01 -2.000e+01 -2.000e+01 -2.000e+01 -2.000e+01 -2.000e+01 -2.000e+01 -2.000e+01 -2.000e+01 -2.000e+01
-2.000e+01 -2.000e+01 -2.000e+01 -2.000e+01 -2.000e+01 -2.000e+01 -2.000e+01 -2.000e+01 -2.000e+01 -2.000e+01
-2.000e+01 -2.000e+01 -2.000e+01 -2.000e+01 -2.000e+01 -2.000e+01 -2.000e+01 -2.000e+01 -2.000e+01 -2.000e+01
-2.000e+01 -2.000e+01 -2.000e+01 -2.000e+01 -2.000e+01 -2.000e+01 -2.000e+01 -2.000e+01 -2.000e+01 -2.000e+01
-2.000e+01 -2.000e+01 -2.000e+01 -2.000e+01 -2.000e+01 -2.000e+01 -2.000e+01 -2.000e+01 -2.000e+01 -2.000e+01
-2.000e+01 -2.000e+01 -2.000e+01 -2.000e+01 -2.000e+01 -2.000e+01 -2.000e+01 -2.000e+01 -2.000e+01 -2.000e+01
-2.000e+01 -2.000e+01 -2.000e+01 -2.000e+01 -2.000e+01 -2.000e+01 -2.000e+01 -2.000e+01 -2.000e+01 -2.000e+01
-2.000e+01 -2.000e+01 -2.000e+01 -2.000e+01 -2.000e+01 -2.000e+01 -2.000e+01 -2.000e+01 -2.000e+01 -2.000e+01
-2.000e+01 -2.000e+01 -2.000e+01 -2.000e+01 -2.000e+01 -2.000e+01 -2.000e+01 -2.000e+01 -2.000e+01 -2.000e+01
-2.000e+01 -2.000e+01 -2.000e+01 -2.000e+01 -2.000e+01 -2.000e+01 -2.000e+01 -2.000e+01 -2.000e+01 -2.000e+01
-2.000e+01 -2.000e+01 -2.000e+01 -2.000e+01 -2.000e+01 -2.000e+01 -2.000e+01 -2.000e+01 -2.000e+01 -2.000e+01
-2.000e+01 -2.000e+01 -2.000e+01 -2.000e+01 -2.000e+01 -2.000e+01 -2.000e+01 -2.000e+01 -2.000e+01 -2.000e+01
-2.000e+01 -2.000e+01 -2.000e+01 -2.000e+01 -2.000e+01 -2.000e+01 -2.000e+01 -2.000e+01 -2.000e+01 -2.000e+01
-2.000e+01 -2.000e+01 -2.000e+01 -2.000e+01 -2.000e+01 -2.000e+01 -2.000e+01 -2.000e+01 -2.000e+01 -2.000e+01
-2.000e+01 -2.000e+01 -2.000e+01 -2.000e+01 -2.000e+01 -2.000e+01 -2.000e+01 -2.000e+01 -2.000e+01 -2.000e+01
-2.000e+01 -2.000e+01 -2.000e+01 -2.000e+01 -2.000e+01 -2.000e+01 -2.000e+01 -2.000e+01 -2.000e+01 -2.000e+01
-2.000e+01 -2.000e+01 -2.000e+01 -2.000e+01 -2.000e+01 -2.000e+01 -2.000e+01 -2.000e+01 -2.000e+01 -2.000e+01
-2.000e+01 -2.000e+01 -2.000e+01 -2.000e+01 -2.000e+01 -2.000e+01 -2.000e+01 -2.000e+01 -2.000e+01 -2.000e+01
-2.000e+01 -2.000e+01 -2.000e+01 -2.000e+01 -2.000e+01 -2.000e+01 -2.000e+01 -2.000e+01 -2.000e+01 -2.000e+01
-2.000e+01 -2.000e+01 -2.000e+01 -2.000e+01 -2.000e+01 -2.000e+01 -2.000e+01 -2.000e+01 -2.000e+01 -2.000e+01
-2.000e+01 -2.000e+01 -2.000e+01 -2.000e+01 -2.000e+01 -2.000e+01 -2.000e+01 -2.000e+01 -2.000e+01 -2.000e+01
-2.000e+01 -2.000e+01 -2.000e+01 -2.000e+01 -2.000e+01 -2.000e+01 -2.000e+01 -2.000e+01 -2.000e+01 -2.000e+01
-2.000e+01 -2.000e+01 -2.000e+01 -2.000e+01 -2.000e+01 -2.000e+01 -2.000e+01 -2.000e+01 -2.000e+01 -2.000e+01
-2.000e+01 -2.000e+01 -2.000e+01 -2.000e+01 -2.000e+01 -2.000e+01 -2.000e+01 -2.000e+01 -2.000e+01 -2.000e+01
-2.000e+01 -2.000e+01 -2.000e+01 -2.000e+01 -2.000e+01 -2.000e+01 -2.000e+01 -2.000e+01 -2.000e+01 -2.000e+01
-2.000e+01 -2.000e+01 -2.000e+01 -2.000e+01 -2.000e+01 -2.000e+01 -2.000e+01 -2.000e+01 -2.000e+01 -2.000e+01
2.800e+00 3.200e+00 2.800e+00 2.900e+00 2.700e+00 2.300e+00 2.300e+00 2.500e+00 2.400e+00 2.300e+00
2.300e+00 4.500e+00 4.700e+00 3.000e+00 2.700e+00 2.600e+00 2.400e+00 3.000e+00 2.800e+00 3.300e+00
2.100e+00 2.500e+00 3.300e+00 2.400e+00 3.100e+00 1.900e+00 1.800e+00 1.500e+00 1.900e+00 2.100e+00
2.200e+00 4.100e+00 2.500e+00 2.200e+00 2.700e+00 2.700e+00 2.600e+00 2.600e+00 3.100e+00 3.300e+00
2.100e+00 2.200e+00 1.900e+00 2.600e+00 2.000e+00 2.500e+00 2.600e+00 2.900e+00 2.400e+00 2.200e+00
2.600e+00 2.300e+00 3.400e+00 2.500e+00 2.400e+00 2.900e+00 2.500e+00 1.800e+00 2.800e+00 2.800e+00
2.200e+00 2.400e+00 2.600e+00 2.000e+00 2.400e+00 2.000e+00 2.400e+00 3.000e+00 3.200e+00 2.300e+00
2.100e+00 2.700e+00 3.200e+00 2.400e+00 2.800e+00 2.000e+00 2.500e+00 2.300e+00 1.700e+00 2.500e+00
2.700e+00 3.200e+00 2.300e+00 2.600e+00 2.700e+00 3.200e+00 2.300e+00 2.000e+00 3.500e+00 1.500e+00
2.300e+00 3.200e+00 2.700e+00 3.000e+00 2.400e+00 2.600e+00 2.200e+00 2.300e+00 2.200e+00 3.200e+00
2.400e+00 4.100e+00 2.300e+00 2.500e+00 2.800e+00 2.300e+00 3.200e+00 3.200e+00 2.400e+00 2.300e+00
1.800e+00 3.300e+00 2.400e+00 1.800e+00 2.400e+00 2.500e+00 2.400e+00 3.100e+00 3.300e+00 2.200e+00
2.000e+00 2.500e+00 2.900e+00 4.100e+00 3.200e+00 3.000e+00 3.000e+00 2.000e+00 2.600e+00 1.700e+00
3.000e+00 3.000e+00 2.400e+00 2.600e+00 2.100e+00 2.500e+00 2.600e+00 3.100e+00 2.000e+00 2.200e+00
2.500e+00 3.000e+00 3.600e+00 2.300e+00 2.600e+00 2.200e+00 2.000e+00 2.700e+00 2.100e+00 1.900e+00
1.900e+00 2.100e+00 1.600e+00 2.800e+00 2.300e+00 3.000e+00 2.100e+00 3.000e+00 2.400e+00 2.400e+00
1.500e+00 2.400e+00 2.400e+00 2.800e+00 2.200e+00 2.100e+00 2.000e+00 2.000e+00 2.600e+00 1.900e+00
2.000e+00 3.100e+00 1.900e+00 3.200e+00 2.000e+00 2.800e+00 2.700e+00 2.700e+00 3.100e+00 1.600e+00
