0.155095704325 6.09566857674
Hour 0
21979.6087629 (188, 242) -0.6 2.1
21977.3309371 (218, 242) 0.9 2.1
21977.3442705 (205, 242) 0.25 2.1
0.157089114836 4.87788636988
Hour 1
16690.3075611 (184, 239) -0.8 1.95
16690.3675611 (221, 239) 1.05 1.95
16691.5784468 (205, 239) 0.25 1.95
0.151888083799 4.34984486965
Hour 2
13917.0460364 (184, 241) -0.8 2.05
13918.8053442 (225, 241) 1.25 2.05
13917.0336254 (207, 241) 0.35 2.05
0.145843057771 3.75462695351
Hour 3
11964.5219961 (180, 233) -1.0 1.65
11964.5163954 (228, 233) 1.4 1.65
11965.0349956 (207, 233) 0.35 1.65
0.154880397404 3.81103181698
Hour 4
12510.0242784 (179, 239) -1.05 1.95
12510.1540132 (227, 239) 1.35 1.95
12510.118717 (206, 239) 0.3 1.95
0.194900994097 3.83296122469
Hour 5
17257.2978285 (176, 245) -1.2 2.25
17257.115958 (223, 245) 1.15 2.25
17257.240694 (203, 245) 0.15 2.25
0.338345976775 5.97183051313
Hour 6
51538.9511256 (181, 234) -0.95 1.7
51544.1410897 (211, 234) 0.55 1.7
51541.6835486 (198, 234) -0.0999999999999 1.7
0.378742181437 9.52006670355
Hour 7
96201.8142803 (177, 228) -1.15 1.4
96949.6297448 (196, 228) -0.2 1.4
96950.8370941 (188, 228) -0.6 1.4
0.436390647815 9.73639380353
Hour 8
96302.9005738 (176, 223) -1.2 1.15
98009.4935972 (194, 226) -0.3 1.3
98010.1448666 (186, 226) -0.7 1.3
0.432705647641 9.08425890634
Hour 9
82029.1396659 (179, 225) -1.05 1.25
83967.0457889 (198, 231) -0.0999999999999 1.55
83967.1237279 (189, 231) -0.55 1.55
0.350636720838 8.87747999702
Hour 10
63282.462764 (180, 235) -1.0 1.75
63987.385501 (201, 235) 0.0500000000001 1.75
63987.4247617 (192, 235) -0.4 1.75
0.307874873122 8.0135212304
Hour 11
53267.5621853 (184, 234) -0.8 1.7
53785.9728853 (206, 234) 0.3 1.7
53786.0549208 (196, 234) -0.2 1.7
0.305499525368 7.79840669224
Hour 12
47917.8617944 (186, 236) -0.7 1.8
48344.8403755 (209, 236) 0.45 1.8
48344.5525194 (198, 236) -0.0999999999999 1.8
0.297539308327 8.18607252045
Hour 13
42521.5743924 (188, 231) -0.6 1.55
43521.5182552 (209, 237) 0.45 1.85
43522.7565823 (199, 237) -0.0499999999999 1.85
0.299548622931 7.5845881851
Hour 14
44689.8831654 (184, 238) -0.8 1.9
45015.3017456 (208, 242) 0.4 2.1
45015.3243765 (197, 242) -0.15 2.1
0.264682597652 8.24432131697
Hour 15
43600.8062979 (187, 238) -0.65 1.9
43956.8777395 (208, 241) 0.4 2.05
43958.0590185 (198, 241) -0.0999999999999 2.05
0.262668517337 7.11925999929
Hour 16
43554.7332702 (186, 242) -0.7 2.1
43555.0142587 (211, 242) 0.55 2.1
43554.7627529 (200, 242) 1.42108547152e-13 2.1
0.291710468616 7.42789933141
Hour 17
58279.4431992 (185, 233) -0.75 1.65
58500.1843722 (209, 233) 0.45 1.65
58500.0136929 (199, 233) -0.0499999999999 1.65
0.311038759643 9.90935533524
Hour 18
88190.5606621 (186, 237) -0.7 1.85
88190.5476314 (204, 237) 0.2 1.85
88190.5218103 (196, 237) -0.2 1.85
0.272224172329 13.8094548839
Hour 19
113216.767499 (193, 237) -0.35 1.85
113216.551811 (206, 237) 0.3 1.85
113216.800745 (200, 237) 1.42108547152e-13 1.85
0.25835235145 13.285450228
Hour 20
109525.76727 (191, 235) -0.45 1.75
109529.294692 (204, 235) 0.2 1.75
109529.102385 (198, 235) -0.0999999999999 1.75
0.240609512489 14.0815658021
Hour 21
104156.330463 (195, 235) -0.25 1.75
104154.775659 (208, 235) 0.4 1.75
104157.279386 (202, 235) 0.1 1.75
0.208202875821 9.74121199223
Hour 22
61880.5816795 (194, 240) -0.3 2.0
61884.0005528 (213, 240) 0.65 2.0
61882.476495 (204, 240) 0.2 2.0
0.142663064596 6.82369782431
Hour 23
30143.1738301 (196, 234) -0.2 1.7
30143.4634985 (222, 234) 1.1 1.7
30143.6747499 (210, 234) 0.5 1.7
