0.159186182228 5.14025213501
Hour 0
68890.5885826 (194, 219) -0.6 1.9
68866.8170751 (211, 219) 1.1 1.9
0.151698586086 4.11722298571
Hour 1
54734.7370161 (191, 220) -0.9 2.0
54730.0503664 (213, 220) 1.3 2.0
0.145539281464 3.85732812518
Hour 2
46381.6122029 (191, 222) -0.9 2.2
46394.2381268 (214, 222) 1.4 2.2
0.142050277819 3.19348306821
Hour 3
41960.8632346 (189, 218) -1.1 1.8
41966.275926 (217, 218) 1.7 1.8
0.148023216602 3.38868940107
Hour 4
45415.9516957 (189, 219) -1.1 1.9
45404.9407699 (216, 219) 1.6 1.9
0.195326190288 3.34539427197
Hour 5
59261.8804376 (187, 223) -1.3 2.3
59258.1290724 (214, 223) 1.4 2.3
0.333632806834 5.80664132721
Hour 6
172623.308992 (190, 217) -1.0 1.7
172719.505584 (205, 217) 0.5 1.7
0.388856455074 9.97354615144
Hour 7
348884.677088 (192, 213) -0.8 1.3
351101.630431 (200, 215) 2.84217094304e-13 1.5
0.41593545295 9.49124671878
Hour 8
327343.771292 (189, 212) -1.1 1.2
331921.080195 (198, 215) -0.2 1.5
0.426792990733 8.81332384744
Hour 9
279239.002718 (188, 213) -1.2 1.3
285286.213183 (198, 215) -0.2 1.5
0.355319716909 8.26149281291
Hour 10
231648.748095 (189, 217) -1.1 1.7
234479.782608 (200, 218) 2.84217094304e-13 1.8
0.299746068041 8.88057762346
Hour 11
207207.935033 (193, 217) -0.7 1.7
209465.539991 (204, 217) 0.4 1.7
0.29821174507 8.45084715565
Hour 12
198286.207962 (193, 218) -0.7 1.8
200147.931194 (204, 218) 0.4 1.8
0.271080029978 8.51945210843
Hour 13
174469.720948 (194, 217) -0.6 1.7
176992.388028 (205, 221) 0.5 2.1
0.279891254028 8.43946020496
Hour 14
170913.457131 (194, 219) -0.6 1.9
172886.895912 (204, 222) 0.4 2.2
0.263825932101 7.61293939954
Hour 15
147830.050519 (193, 219) -0.7 1.9
149236.900185 (205, 221) 0.5 2.1
0.266224373683 7.13844509594
Hour 16
152853.159594 (193, 220) -0.7 2.0
153206.373048 (205, 221) 0.5 2.1
0.278898593231 7.71806559956
Hour 17
197934.07659 (193, 217) -0.7 1.7
198397.49175 (205, 217) 0.5 1.7
0.306933774682 9.94236763967
Hour 18
288040.930674 (194, 217) -0.6 1.7
288035.837374 (203, 217) 0.3 1.7
0.268233882107 12.2691681484
Hour 19
344455.560134 (195, 219) -0.5 1.9
344438.880248 (203, 219) 0.3 1.9
0.259728373027 13.0106899329
Hour 20
362324.218697 (196, 219) -0.4 1.9
362323.859697 (203, 219) 0.3 1.9
0.236395021789 12.7386081084
Hour 21
330977.066386 (197, 220) -0.3 2.0
330976.789392 (204, 220) 0.4 2.0
0.206511977218 9.19284892231
Hour 22
200243.425945 (197, 218) -0.3 1.8
200233.459407 (207, 218) 0.7 1.8
0.140863761073 6.40522920839
Hour 23
93061.5613011 (196, 220) -0.4 2.0
93064.7090897 (210, 220) 1.0 2.0
