0.158710984707 5.3463260363
Hour 0
60610.0773474 (94, 119) -0.6 1.9
60605.3424932 (110, 119) 1.0 1.9
60590.0400126 (103, 119) 0.3 1.9
0.153529684969 4.22623918698
Hour 1
47922.809447 (92, 120) -0.8 2.0
47911.4854755 (113, 120) 1.3 2.0
47915.808715 (103, 120) 0.3 2.0
0.147892302219 3.94395032916
Hour 2
40368.5686922 (91, 122) -0.9 2.2
40362.1852977 (114, 122) 1.4 2.2
40360.6767039 (104, 122) 0.4 2.2
0.142658940601 3.23047594528
Hour 3
36339.2189247 (89, 118) -1.1 1.8
36337.2975954 (117, 118) 1.7 1.8
36341.5537153 (105, 118) 0.5 1.8
0.149164114503 3.44548629111
Hour 4
39081.747371 (90, 119) -1.0 1.9
39078.5114542 (116, 119) 1.6 1.9
39077.6105689 (104, 119) 0.4 1.9
0.195120269891 3.34580572255
Hour 5
50852.1841841 (87, 123) -1.3 2.3
50848.4413352 (114, 123) 1.4 2.3
50850.0887702 (102, 123) 0.2 2.3
0.333714908268 5.87080985091
Hour 6
149964.804688 (90, 117) -1.0 1.7
150035.035414 (105, 117) 0.5 1.7
150038.298988 (98, 117) -0.2 1.7
0.386079142362 10.1590285165
Hour 7
302400.049242 (92, 113) -0.8 1.3
304616.045874 (100, 115) -3.5527136788e-14 1.5
304616.530373 (97, 115) -0.3 1.5
0.418550153307 9.6688178666
Hour 8
286866.768418 (89, 112) -1.1 1.2
291748.587831 (97, 115) -0.3 1.5
291750.737678 (93, 115) -0.7 1.5
0.434026696568 8.95442042786
Hour 9
240621.613711 (89, 112) -1.1 1.2
246226.758786 (97, 117) -0.3 1.7
246231.444182 (93, 117) -0.7 1.7
0.35048116093 8.39575056475
Hour 10
201502.040563 (89, 116) -1.1 1.6
203523.138735 (100, 118) -3.5527136788e-14 1.8
203520.744759 (95, 118) -0.5 1.8
0.301260772514 9.1706310185
Hour 11
179197.056944 (94, 117) -0.6 1.7
180736.648722 (103, 117) 0.3 1.7
180721.411785 (99, 117) -0.1 1.7
0.302408965182 8.59775738161
Hour 12
174243.881832 (93, 118) -0.7 1.8
175782.518818 (103, 121) 0.3 2.1
175797.385872 (98, 121) -0.2 2.1
0.270455364463 8.74754570645
Hour 13
154746.361143 (95, 116) -0.5 1.6
156705.282228 (104, 121) 0.4 2.1
156688.098063 (100, 121) -3.5527136788e-14 2.1
0.279691253885 8.62949567728
Hour 14
152135.343469 (93, 119) -0.7 1.9
153611.767 (104, 122) 0.4 2.2
153594.742704 (99, 122) -0.1 2.2
0.267252171803 7.93231595926
Hour 15
133666.387185 (93, 118) -0.7 1.8
134897.492327 (104, 121) 0.4 2.1
134895.742323 (99, 121) -0.1 2.1
0.266906342292 7.51625109418
Hour 16
136434.384175 (93, 120) -0.7 2.0
136612.750062 (105, 121) 0.5 2.1
136624.432887 (100, 121) -3.5527136788e-14 2.1
0.282245849787 8.02150320493
Hour 17
176801.098971 (93, 117) -0.7 1.7
177277.512661 (104, 117) 0.4 1.7
177278.500682 (99, 117) -0.1 1.7
0.30922253718 10.3799092812
Hour 18
261225.830496 (94, 117) -0.6 1.7
261254.057818 (102, 117) 0.2 1.7
261239.497773 (99, 117) -0.1 1.7
0.270370412582 12.7558311633
Hour 19
311703.412231 (96, 119) -0.4 1.9
311699.782897 (103, 119) 0.3 1.9
311708.649232 (100, 119) -3.5527136788e-14 1.9
0.262820959337 13.5298528753
Hour 20
324906.244472 (96, 119) -0.4 1.9
324913.225137 (103, 119) 0.3 1.9
324910.173121 (100, 119) -3.5527136788e-14 1.9
0.233686779329 12.9668092116
Hour 21
291342.992708 (97, 121) -0.3 2.1
291344.889585 (104, 121) 0.4 2.1
291348.456344 (101, 121) 0.1 2.1
0.207220220351 9.40420013233
Hour 22
174691.542002 (98, 118) -0.2 1.8
174704.117224 (107, 118) 0.7 1.8
174691.281202 (103, 118) 0.3 1.8
0.141137024633 6.60465351972
Hour 23
82327.8565926 (97, 120) -0.3 2.0
82325.828716 (110, 120) 1.0 2.0
82323.3904787 (104, 120) 0.4 2.0
