0.152009999671 9.53431126826
Hour 0
8484.03435415 (194, 237) -0.3 1.85
8484.02979976 (213, 237) 0.65 1.85
8484.11011474 (205, 237) 0.25 1.85
0.151612796294 7.21031202931
Hour 1
6453.16784771 (188, 224) -0.6 1.2
6453.15759797 (213, 224) 0.65 1.2
6453.13030115 (202, 224) 0.1 1.2
0.149826032451 6.23288385581
Hour 2
5517.86163496 (195, 230) -0.25 1.5
5517.70078105 (223, 230) 1.15 1.5
5517.75760339 (211, 230) 0.55 1.5
0.141210339565 4.95634024659
Hour 3
4673.63486429 (187, 239) -0.65 1.95
4673.42918192 (223, 239) 1.15 1.95
4673.40311797 (207, 239) 0.35 1.95
0.146940668298 5.96823372196
Hour 4
4897.02058603 (186, 241) -0.7 2.05
4897.10724038 (216, 241) 0.8 2.05
4897.13447742 (203, 241) 0.15 2.05
0.18690200641 4.79820184653
Hour 5
7325.4625765 (178, 247) -1.1 2.35
7325.29431767 (216, 247) 0.8 2.35
7325.29644602 (199, 247) -0.0499999999999 2.35
0.34004946699 6.84763083117
Hour 6
17869.8827183 (184, 233) -0.8 1.65
17868.8627113 (210, 233) 0.5 1.65
17869.4435463 (198, 233) -0.0999999999999 1.65
0.395454169279 10.9171793079
Hour 7
31966.5626339 (169, 223) -1.55 1.15
32051.5947534 (185, 233) -0.75 1.65
32051.7003505 (178, 233) -1.1 1.65
0.459397692637 10.4076255217
Hour 8
29478.593822 (181, 222) -0.95 1.1
29680.9800176 (198, 222) -0.0999999999999 1.1
29681.0188922 (191, 222) -0.45 1.1
0.397553971179 10.7760977149
Hour 9
24157.7852227 (176, 220) -1.2 1.0
24603.9772346 (192, 221) -0.4 1.05
24603.4879379 (185, 221) -0.75 1.05
0.373444775034 10.7103335597
Hour 10
18194.0303513 (178, 228) -1.1 1.4
18492.9435803 (195, 233) -0.25 1.65
18492.7705449 (188, 233) -0.6 1.65
0.28294621397 9.34952560294
Hour 11
14953.6438202 (188, 237) -0.6 1.85
15094.461693 (207, 237) 0.35 1.85
15094.5254027 (198, 237) -0.0999999999999 1.85
0.318678521397 8.72140660444
Hour 12
14812.3883118 (189, 234) -0.55 1.7
14955.792423 (210, 234) 0.5 1.7
14955.5132825 (200, 234) 1.42108547152e-13 1.7
0.292251672365 8.89236823574
Hour 13
11863.9269976 (190, 220) -0.5 1.0
12525.0981985 (209, 244) 0.45 2.2
12525.095128 (200, 244) 1.42108547152e-13 2.2
0.332267903957 8.85319861745
Hour 14
13262.4741636 (192, 232) -0.4 1.6
13332.1954121 (210, 238) 0.5 1.9
13332.2774222 (201, 238) 0.0500000000001 1.9
0.258610208615 10.9188028813
Hour 15
14363.4587674 (191, 224) -0.45 1.2
14563.3229174 (206, 241) 0.3 2.05
14564.2080084 (199, 241) -0.0499999999999 2.05
0.252679164159 8.04534043779
Hour 16
13894.9910974 (186, 235) -0.7 1.75
13894.2242946 (208, 235) 0.4 1.75
13894.3756937 (198, 235) -0.0999999999999 1.75
0.287640330969 8.45531688111
Hour 17
19840.2932503 (183, 231) -0.85 1.55
19841.1922165 (205, 231) 0.25 1.55
19840.2628861 (195, 231) -0.25 1.55
0.304842844758 12.1642650415
Hour 18
31152.9047522 (185, 237) -0.75 1.85
31153.2970176 (200, 237) 1.42108547152e-13 1.85
31152.4771596 (193, 237) -0.35 1.85
0.271407000647 16.7743787736
Hour 19
33191.2497962 (194, 237) -0.3 1.85
33191.031983 (205, 237) 0.25 1.85
33191.1649776 (200, 237) 1.42108547152e-13 1.85
0.249779182479 14.607997296
Hour 20
31828.4827472 (190, 237) -0.5 1.85
31827.8835853 (202, 237) 0.1 1.85
31829.0359786 (197, 237) -0.15 1.85
0.205309912084 14.7001642453
Hour 21
26469.5474703 (196, 238) -0.2 1.9
26470.0491493 (208, 238) 0.4 1.9
26470.0456617 (203, 238) 0.15 1.9
0.214371266731 9.32547149264
Hour 22
15387.2862553 (192, 237) -0.4 1.85
15387.4172939 (211, 237) 0.55 1.85
15387.2279369 (203, 237) 0.15 1.85
0.141945905189 7.86912828717
Hour 23
8774.10766417 (195, 237) -0.25 1.85
8774.05866143 (218, 237) 0.9 1.85
8773.99387968 (208, 237) 0.4 1.85
