0.157639831715 4.97002013837
Hour 0
87217.6315424 (193, 220) -0.7 2.0
87226.8145767 (211, 220) 1.1 2.0
0.151055732908 3.9523628336
Hour 1
69343.0307534 (191, 220) -0.9 2.0
69347.9894665 (214, 220) 1.4 2.0
0.142867060282 3.67707352599
Hour 2
59204.7429104 (191, 221) -0.9 2.1
59197.2074352 (215, 221) 1.5 2.1
0.140828684561 3.04986640993
Hour 3
52858.2519384 (189, 220) -1.1 2.0
52858.7145373 (218, 220) 1.8 2.0
0.148690581036 3.19458193837
Hour 4
57141.5453865 (189, 221) -1.1 2.1
57138.4941992 (217, 221) 1.7 2.1
0.196368129973 3.23998989213
Hour 5
74367.9325577 (187, 222) -1.3 2.2
74361.5256434 (215, 222) 1.5 2.2
0.330699185229 5.64064987775
Hour 6
217923.941284 (190, 217) -1.0 1.7
218018.795132 (206, 217) 0.6 1.7
0.381459254495 10.126621511
Hour 7
456599.673156 (191, 213) -0.9 1.3
459673.571975 (200, 215) 2.84217094304e-13 1.5
0.420121331093 9.50085708204
Hour 8
423115.575813 (189, 211) -1.1 1.1
429380.907854 (198, 215) -0.2 1.5
0.421702869329 8.62659107386
Hour 9
364281.447957 (189, 212) -1.1 1.2
371988.721232 (199, 214) -0.0999999999997 1.4
0.354668663841 8.39932212597
Hour 10
303389.29324 (190, 217) -1.0 1.7
307006.285854 (200, 219) 2.84217094304e-13 1.9
0.298185561582 8.88068572296
Hour 11
271076.78272 (193, 217) -0.7 1.7
273504.626895 (203, 218) 0.3 1.8
0.296323629387 8.6652188971
Hour 12
258599.110294 (193, 218) -0.7 1.8
260677.236435 (203, 218) 0.3 1.8
0.273832453956 8.54331847356
Hour 13
226808.358923 (194, 217) -0.6 1.7
229423.742481 (205, 221) 0.5 2.1
0.280609754721 8.49897088408
Hour 14
220074.124668 (194, 219) -0.6 1.9
222169.200195 (204, 220) 0.4 2.0
0.264661413093 7.75405183687
Hour 15
192762.681268 (193, 219) -0.7 1.9
194497.602202 (205, 221) 0.5 2.1
0.266587165001 7.25139881456
Hour 16
200603.44359 (193, 220) -0.7 2.0
201112.79723 (205, 220) 0.5 2.0
0.27994932059 8.06317667886
Hour 17
262266.256048 (194, 217) -0.6 1.7
262785.917251 (205, 217) 0.5 1.7
0.305775153413 10.1215810909
Hour 18
376003.18764 (194, 219) -0.6 1.9
376021.26691 (203, 219) 0.3 1.9
0.265929461315 12.2552960842
Hour 19
443510.297424 (196, 219) -0.4 1.9
443516.789778 (203, 219) 0.3 1.9
0.257406989075 12.9652061052
Hour 20
467232.320566 (196, 218) -0.4 1.8
467232.84426 (203, 218) 0.3 1.8
0.237027717294 12.5057041574
Hour 21
419474.834623 (196, 220) -0.4 2.0
419468.159027 (204, 220) 0.4 2.0
0.205583941283 9.05777193688
Hour 22
254937.487864 (198, 218) -0.2 1.8
254942.961501 (208, 218) 0.8 1.8
0.142060124204 6.13579326855
Hour 23
116664.678784 (196, 220) -0.4 2.0
116651.779432 (211, 220) 1.1 2.0
