0.157639831715 4.97002013837
Hour 0
1574.37 (493, 442) 4.65 2.1
1574.37 (529, 442) 6.45 2.1
0.151055732908 3.9523628336
Hour 1
1509.39 (504, 444) 5.2 2.2
1509.39 (549, 444) 7.45 2.2
0.142867060282 3.67707352599
Hour 2
1449.33 (538, 448) 6.9 2.4
1449.33 (587, 448) 9.35 2.4
0.140828684561 3.04986640993
Hour 3
1420.23 (487, 449) 4.35 2.45
1420.23 (546, 449) 7.3 2.45
0.148690581036 3.19458193837
Hour 4
1548.77 (509, 449) 5.45 2.45
1548.77 (565, 449) 8.25 2.45
0.196368129973 3.23998989213
Hour 5
1957.52 (445, 446) 2.25 2.3
1957.52 (501, 446) 5.05 2.3
0.330699185229 5.64064987775
Hour 6
3261.4 (451, 444) 2.55 2.2
3261.4 (483, 444) 4.15 2.2
0.381459254495 10.126621511
Hour 7
3955.52 (447, 448) 2.35 2.4
3955.52 (465, 448) 3.25 2.4
0.420121331093 9.50085708204
Hour 8
4143.08 (451, 445) 2.55 2.25
4143.08 (470, 445) 3.5 2.25
0.421702869329 8.62659107386
Hour 9
4161.9 (454, 446) 2.7 2.3
4161.9 (475, 446) 3.75 2.3
0.354668663841 8.39932212597
Hour 10
3569.68 (462, 450) 3.1 2.5
3569.68 (483, 450) 4.15 2.5
0.298185561582 8.88068572296
Hour 11
3078.1 (455, 443) 2.75 2.15
3078.1 (476, 443) 3.8 2.15
0.296323629387 8.6652188971
Hour 12
3007.12 (469, 448) 3.45 2.4
3007.12 (490, 448) 4.5 2.4
0.273832453956 8.54331847356
Hour 13
2740.83 (481, 447) 4.05 2.35
2740.83 (502, 447) 5.1 2.35
0.280609754721 8.49897088408
Hour 14
2800.89 (465, 453) 3.25 2.65
2800.89 (486, 453) 4.3 2.65
0.264661413093 7.75405183687
Hour 15
2665.82 (474, 446) 3.7 2.3
2665.82 (498, 446) 4.9 2.3
0.266587165001 7.25139881456
Hour 16
2712.29 (459, 446) 2.95 2.3
2712.29 (484, 446) 4.2 2.3
0.27994932059 8.06317667886
Hour 17
2801.95 (477, 448) 3.85 2.4
2801.95 (500, 448) 5.0 2.4
0.305775153413 10.1215810909
Hour 18
3100.65 (479, 452) 3.95 2.6
3100.65 (496, 452) 4.8 2.6
0.265929461315 12.2552960842
Hour 19
2719.97 (459, 444) 2.95 2.2
2719.97 (474, 444) 3.7 2.2
0.257406989075 12.9652061052
Hour 20
2655.73 (459, 442) 2.95 2.1
2655.73 (473, 442) 3.65 2.1
0.237027717294 12.5057041574
Hour 21
2457.54 (458, 448) 2.9 2.4
2457.54 (473, 448) 3.65 2.4
0.205583941283 9.05777193688
Hour 22
2025.44 (452, 442) 2.6 2.1
2025.44 (472, 442) 3.6 2.1
0.142060124204 6.13579326855
Hour 23
1471.24 (530, 443) 6.5 2.15
1471.24 (559, 443) 7.95 2.15
