0.159186182228 5.14025213501
Hour 0
68866.9141323 (187, 238) -0.65 1.9
68866.8170751 (222, 238) 1.1 1.9
68870.1748586 (206, 238) 0.3 1.9
0.151698586086 4.11722298571
Hour 1
54728.380783 (183, 240) -0.85 2.0
54730.0503664 (226, 240) 1.3 2.0
54727.1684381 (207, 240) 0.35 2.0
0.145539281464 3.85732812518
Hour 2
46381.6122029 (182, 244) -0.9 2.2
46381.3440884 (229, 244) 1.45 2.2
46381.037013 (208, 244) 0.4 2.2
0.142050277819 3.19348306821
Hour 3
41953.1125335 (178, 243) -1.1 2.15
41955.3018756 (235, 243) 1.75 2.15
41955.8476004 (210, 243) 0.5 2.15
0.148023216602 3.38868940107
Hour 4
45404.4670488 (179, 238) -1.05 1.9
45404.9407699 (232, 238) 1.6 1.9
45407.5612904 (209, 238) 0.45 1.9
0.195326190288 3.34539427197
Hour 5
59180.5009011 (175, 245) -1.25 2.25
59181.8190776 (229, 245) 1.45 2.25
59180.9723554 (205, 245) 0.25 2.25
0.333632806834 5.80664132721
Hour 6
172623.308992 (180, 234) -1.0 1.7
172703.110609 (211, 234) 0.55 1.7
172703.832979 (197, 234) -0.15 1.7
0.388856455074 9.97354615144
Hour 7
348038.883952 (183, 229) -0.85 1.45
350406.152952 (201, 229) 0.0500000000001 1.45
350406.207186 (193, 229) -0.35 1.45
0.41593545295 9.49124671878
Hour 8
327171.877077 (178, 225) -1.1 1.25
331921.080195 (196, 230) -0.2 1.5
331924.194067 (188, 230) -0.6 1.5
0.426792990733 8.81332384744
Hour 9
279039.936355 (178, 223) -1.1 1.15
285192.201685 (195, 231) -0.25 1.55
285191.646274 (186, 231) -0.7 1.55
0.355319716909 8.26149281291
Hour 10
231648.748095 (178, 234) -1.1 1.7
234396.068732 (200, 235) 1.42108547152e-13 1.75
234395.413684 (190, 235) -0.5 1.75
0.299746068041 8.88057762346
Hour 11
207126.253848 (187, 235) -0.65 1.75
208741.253373 (207, 235) 0.35 1.75
208741.218931 (198, 235) -0.0999999999999 1.75
0.29821174507 8.45084715565
Hour 12
198286.207962 (186, 236) -0.7 1.8
199920.892986 (207, 237) 0.35 1.85
199921.984275 (198, 237) -0.0999999999999 1.85
0.271080029978 8.51945210843
Hour 13
174450.226101 (189, 234) -0.55 1.7
176839.199968 (209, 243) 0.45 2.15
176839.450078 (200, 243) 1.42108547152e-13 2.15
0.279891254028 8.43946020496
Hour 14
170908.261943 (187, 238) -0.65 1.9
172582.674019 (208, 241) 0.4 2.05
172580.240186 (199, 241) -0.0499999999999 2.05
0.263825932101 7.61293939954
Hour 15
147830.050519 (186, 238) -0.7 1.9
149223.961708 (210, 241) 0.5 2.05
149220.944069 (199, 241) -0.0499999999999 2.05
0.266224373683 7.13844509594
Hour 16
152838.111031 (185, 240) -0.75 2.0
153206.373048 (210, 242) 0.5 2.1
153203.841966 (199, 242) -0.0499999999999 2.1
0.278898593231 7.71806559956
Hour 17
197934.07659 (186, 234) -0.7 1.7
198397.49175 (210, 234) 0.5 1.7
198401.213892 (199, 234) -0.0499999999999 1.7
0.306933774682 9.94236763967
Hour 18
288020.651542 (187, 234) -0.65 1.7
288023.124888 (205, 234) 0.25 1.7
288021.969592 (197, 234) -0.15 1.7
0.268233882107 12.2691681484
Hour 19
344430.455728 (191, 238) -0.45 1.9
344434.774657 (205, 238) 0.25 1.9
344427.952057 (199, 238) -0.0499999999999 1.9
0.259728373027 13.0106899329
Hour 20
362324.218697 (192, 238) -0.4 1.9
362323.859697 (206, 238) 0.3 1.9
362324.857653 (200, 238) 1.42108547152e-13 1.9
0.236395021789 12.7386081084
Hour 21
330977.066386 (194, 240) -0.3 2.0
330976.789392 (208, 240) 0.4 2.0
330978.263578 (202, 240) 0.1 2.0
0.206511977218 9.19284892231
Hour 22
199738.957489 (195, 235) -0.25 1.75
199743.164233 (214, 235) 0.7 1.75
199740.056133 (206, 235) 0.3 1.75
0.140863761073 6.40522920839
Hour 23
92977.9076305 (193, 239) -0.35 1.95
92976.1889266 (221, 239) 1.05 1.95
92980.6006387 (208, 239) 0.4 1.95
