0.15886170086 7.60491574181
Hour 0
13956.594664 (96, 121) -0.4 2.1
13957.6018526 (107, 121) 0.7 2.1
13951.0678573 (102, 121) 0.2 2.1
0.155306921932 6.07092019384
Hour 1
10817.6273876 (94, 113) -0.6 1.3
10819.0463327 (109, 113) 0.9 1.3
10817.3348721 (102, 113) 0.2 1.3
0.150768166401 5.53495667463
Hour 2
9096.05141366 (95, 121) -0.5 2.1
9094.33835056 (111, 121) 1.1 2.1
9095.61961614 (104, 121) 0.4 2.1
0.146573496922 5.06086658982
Hour 3
8174.06196973 (93, 117) -0.7 1.7
8173.1302138 (111, 117) 1.1 1.7
8173.23662377 (103, 117) 0.3 1.7
0.16057456212 5.0370463359
Hour 4
8240.39307341 (92, 119) -0.8 1.9
8240.85346065 (110, 119) 1.0 1.9
8240.6488441 (102, 119) 0.2 1.9
0.188400504246 5.03760052406
Hour 5
11758.3250119 (91, 123) -0.9 2.3
11758.5258344 (108, 123) 0.8 2.3
11759.1222225 (101, 123) 0.1 2.3
0.350839051418 7.00982231159
Hour 6
32725.8842617 (91, 114) -0.9 1.4
32727.4210855 (104, 114) 0.4 1.4
32725.0489073 (98, 114) -0.2 1.4
0.401648303868 10.8525529029
Hour 7
59689.0778227 (86, 111) -1.4 1.1
60025.4963324 (94, 115) -0.6 1.5
60027.5129419 (90, 115) -1.0 1.5
0.469683936281 11.1611873611
Hour 8
55701.4396635 (88, 111) -1.2 1.1
56673.4806625 (96, 111) -0.4 1.1
56674.5160851 (92, 111) -0.8 1.1
0.435752039582 10.4746611263
Hour 9
47650.7573596 (87, 113) -1.3 1.3
48350.2408503 (96, 116) -0.4 1.6
48347.7010133 (92, 116) -0.8 1.6
0.36526297376 10.0978701413
Hour 10
35815.1334216 (90, 117) -1.0 1.7
36212.7290526 (99, 117) -0.1 1.7
36212.7398833 (95, 117) -0.5 1.7
0.306113884037 9.29214129197
Hour 11
27127.7249359 (93, 117) -0.7 1.7
27264.6899878 (103, 117) 0.3 1.7
27265.674757 (99, 117) -0.1 1.7
0.327155544046 7.75421253255
Hour 12
25127.1676922 (91, 117) -0.9 1.7
25424.5139088 (103, 117) 0.3 1.7
25425.4732379 (98, 117) -0.2 1.7
0.300620092476 8.60695978555
Hour 13
21855.6761742 (94, 110) -0.6 1.0
22113.3532591 (103, 121) 0.3 2.1
22113.8861335 (99, 121) -0.1 2.1
0.31906016674 8.42408015809
Hour 14
23788.7001622 (93, 117) -0.7 1.7
23950.9944661 (103, 120) 0.3 2.0
23952.3487601 (99, 120) -0.1 2.0
0.258876418393 8.89746866474
Hour 15
23974.8569705 (95, 120) -0.5 2.0
24088.772352 (104, 121) 0.4 2.1
24088.2881907 (100, 121) -3.5527136788e-14 2.1
0.26588740098 7.02205363409
Hour 16
22610.8952753 (92, 117) -0.8 1.7
22711.9575952 (105, 117) 0.5 1.7
22710.5044358 (99, 117) -0.1 1.7
0.303992286086 7.87288922506
Hour 17
32063.3670772 (93, 115) -0.7 1.5
32231.253715 (105, 115) 0.5 1.5
32231.8783946 (100, 115) -3.5527136788e-14 1.5
0.308079794858 10.9887078403
Hour 18
51880.7746184 (93, 119) -0.7 1.9
51884.7103843 (101, 119) 0.1 1.9
51885.569255 (98, 119) -0.2 1.9
0.279055890459 15.6261633807
Hour 19
64892.7931161 (97, 119) -0.3 1.9
64896.2534501 (103, 119) 0.3 1.9
64891.1780766 (100, 119) -3.5527136788e-14 1.9
0.272299008445 13.1354678242
Hour 20
59879.2962352 (95, 118) -0.5 1.8
59874.6518921 (101, 118) 0.1 1.8
59873.4975655 (98, 118) -0.2 1.8
0.230708712449 14.5412085945
Hour 21
56452.6715292 (99, 117) -0.1 1.7
56453.3077154 (105, 117) 0.5 1.7
56458.6943683 (102, 117) 0.2 1.7
0.219023834319 10.5195899635
Hour 22
34255.2491687 (97, 118) -0.3 1.8
34258.0189717 (106, 118) 0.6 1.8
34255.8501147 (102, 118) 0.2 1.8
0.136695683911 7.78306983137
Hour 23
17205.4522682 (99, 118) -0.1 1.8
17208.6639781 (110, 118) 1.0 1.8
17206.6224732 (105, 118) 0.5 1.8
