0.158499998738 5.54755697597
Hour 0
50765.4089894 (188, 238) -0.6 1.9
50767.8871206 (220, 238) 1.0 1.9
50765.313299 (206, 238) 0.3 1.9
0.150820555628 4.203713971
Hour 1
40000.648006 (183, 240) -0.85 2.0
40000.8868951 (226, 240) 1.3 2.0
40000.9865962 (207, 240) 0.35 2.0
0.149063884291 3.99138606797
Hour 2
33550.3393982 (183, 243) -0.85 2.15
33550.1143095 (228, 243) 1.4 2.15
33550.2143489 (208, 243) 0.4 2.15
0.144121641678 3.26779831593
Hour 3
29818.5781292 (178, 242) -1.1 2.1
29818.816965 (233, 242) 1.65 2.1
29819.0631582 (209, 242) 0.45 2.1
0.149971538633 3.30982256171
Hour 4
31867.191513 (178, 238) -1.1 1.9
31867.4766462 (233, 238) 1.65 1.9
31868.0291278 (208, 238) 0.4 1.9
0.197713222623 3.33907069802
Hour 5
42326.5857941 (175, 244) -1.25 2.2
42326.7958051 (229, 244) 1.45 2.2
42326.6648195 (205, 244) 0.25 2.2
0.337681374079 5.76802402089
Hour 6
123930.168931 (179, 234) -1.05 1.7
123965.68395 (210, 234) 0.5 1.7
123966.558686 (196, 234) -0.2 1.7
0.391138831619 9.82656767086
Hour 7
247479.353922 (184, 229) -0.8 1.45
249126.270032 (202, 229) 0.1 1.45
249127.097821 (194, 229) -0.3 1.45
0.419150791005 9.65667859678
Hour 8
236517.936183 (178, 223) -1.1 1.15
240625.14196 (195, 230) -0.25 1.5
240626.616443 (187, 230) -0.65 1.5
0.435081732092 9.04055896821
Hour 9
196122.15252 (176, 225) -1.2 1.25
200903.230349 (194, 231) -0.3 1.55
200901.58285 (186, 231) -0.7 1.55
0.351594413494 8.32745215727
Hour 10
164521.614294 (180, 230) -1.0 1.5
166175.824247 (201, 236) 0.0500000000001 1.8
166175.024347 (191, 236) -0.45 1.8
0.301217146922 8.99508296924
Hour 11
145772.154151 (187, 234) -0.65 1.7
146803.200577 (207, 235) 0.35 1.75
146801.649729 (198, 235) -0.0999999999999 1.75
0.306135656205 8.45022531607
Hour 12
141811.003361 (186, 236) -0.7 1.8
142707.085001 (207, 242) 0.35 2.1
142705.607171 (197, 242) -0.15 2.1
0.273905957584 8.92067649119
Hour 13
126481.871827 (189, 234) -0.55 1.7
127832.023495 (209, 242) 0.45 2.1
127831.825489 (200, 242) 1.42108547152e-13 2.1
0.287069967778 8.47832456682
Hour 14
124030.210385 (187, 232) -0.65 1.6
125153.086687 (207, 242) 0.35 2.1
125157.671771 (197, 242) -0.15 2.1
0.267589354048 7.85885035407
Hour 15
108457.262382 (187, 236) -0.65 1.8
109123.197019 (209, 243) 0.45 2.15
109126.101687 (199, 243) -0.0499999999999 2.15
0.271377122101 7.38509167835
Hour 16
110168.930443 (186, 241) -0.7 2.05
110382.625053 (210, 241) 0.5 2.05
110383.444182 (199, 241) -0.0499999999999 2.05
0.28621257834 7.63976594605
Hour 17
140728.848118 (186, 233) -0.7 1.65
141132.436357 (209, 233) 0.45 1.65
141132.671543 (199, 233) -0.0499999999999 1.65
0.310720872167 9.99649455391
Hour 18
213382.681718 (188, 233) -0.6 1.65
213382.581069 (206, 233) 0.3 1.65
213382.621712 (198, 233) -0.0999999999999 1.65
0.271615304429 12.8632666329
Hour 19
260814.580846 (191, 237) -0.45 1.85
260814.478842 (205, 237) 0.25 1.85
260812.876735 (199, 237) -0.0499999999999 1.85
0.265567452072 13.5691562612
Hour 20
271832.059374 (193, 237) -0.35 1.85
271826.220974 (206, 237) 0.3 1.85
271824.928004 (200, 237) 1.42108547152e-13 1.85
0.232953561037 13.3801675687
Hour 21
248993.518406 (195, 237) -0.25 1.85
248994.166084 (208, 237) 0.4 1.85
248994.41363 (202, 237) 0.1 1.85
0.206978507097 9.66967908421
Hour 22
151247.276098 (196, 235) -0.2 1.75
151247.304678 (215, 235) 0.75 1.75
151248.265334 (206, 235) 0.3 1.75
0.141959175822 6.60926739977
Hour 23
70198.5236394 (193, 240) -0.35 2.0
70199.5634858 (221, 240) 1.05 2.0
70200.9212807 (209, 240) 0.45 2.0
