3.412e+05 3.421e+05 3.421e+05 3.421e+05 3.421e+05 3.421e+05 3.421e+05 3.421e+05 3.421e+05 3.421e+05 3.421e+05 3.421e+05 3.421e+05 3.421e+05 3.421e+05 3.421e+05 3.421e+05 3.421e+05 3.421e+05 3.535e+05 1.355e+06 2.481e+06 2.599e+06 2.711e+06 2.824e+06 2.937e+06 3.050e+06 3.163e+06 3.276e+06 3.389e+06
3.494e+06 3.600e+06 3.705e+06 3.810e+06 3.916e+06 4.021e+06 4.127e+06 4.232e+06 4.337e+06 4.443e+06 4.548e+06 4.653e+06 4.759e+06 4.864e+06 4.970e+06 5.075e+06 5.180e+06 5.286e+06 5.391e+06 5.496e+06 5.602e+06 5.707e+06 5.813e+06 5.918e+06 6.023e+06 6.129e+06 6.234e+06 6.340e+06 6.445e+06 6.550e+06
6.648e+06 6.746e+06 6.844e+06 6.942e+06 7.040e+06 7.137e+06 7.235e+06 7.333e+06 7.431e+06 7.529e+06 7.627e+06 7.724e+06 7.822e+06 7.920e+06 8.018e+06 8.116e+06 8.214e+06 8.312e+06 8.409e+06 8.507e+06 8.605e+06 8.703e+06 8.801e+06 8.899e+06 8.997e+06 9.094e+06 9.192e+06 9.290e+06 9.388e+06 9.486e+06
9.576e+06 9.666e+06 9.757e+06 9.847e+06 9.937e+06 1.003e+07 1.012e+07 1.021e+07 1.030e+07 1.039e+07 1.048e+07 1.057e+07 1.066e+07 1.075e+07 1.084e+07 1.093e+07 1.102e+07 1.111e+07 1.120e+07 1.129e+07 1.138e+07 1.147e+07 1.156e+07 1.165e+07 1.174e+07 1.183e+07 1.192e+07 1.201e+07 1.211e+07 1.220e+07
1.228e+07 1.236e+07 1.244e+07 1.253e+07 1.261e+07 1.269e+07 1.278e+07 1.286e+07 1.294e+07 1.302e+07 1.311e+07 1.319e+07 1.327e+07 1.335e+07 1.344e+07 1.352e+07 1.360e+07 1.369e+07 1.377e+07 1.385e+07 1.393e+07 1.402e+07 1.410e+07 1.418e+07 1.427e+07 1.435e+07 1.443e+07 1.451e+07 1.460e+07 1.468e+07
1.475e+07 1.483e+07 1.491e+07 1.498e+07 1.506e+07 1.513e+07 1.521e+07 1.528e+07 1.536e+07 1.543e+07 1.551e+07 1.558e+07 1.566e+07 1.573e+07 1.581e+07 1.588e+07 1.596e+07 1.603e+07 1.611e+07 1.618e+07 1.626e+07 1.634e+07 1.641e+07 1.649e+07 1.656e+07 1.664e+07 1.671e+07 1.679e+07 1.686e+07 1.694e+07
1.701e+07 1.707e+07 1.714e+07 1.721e+07 1.728e+07 1.734e+07 1.741e+07 1.748e+07 1.755e+07 1.761e+07 1.768e+07 1.775e+07 1.782e+07 1.789e+07 1.795e+07 1.802e+07 1.809e+07 1.816e+07 1.822e+07 1.829e+07 1.836e+07 1.843e+07 1.850e+07 1.856e+07 1.863e+07 1.870e+07 1.877e+07 1.883e+07 1.890e+07 1.897e+07
1.903e+07 1.909e+07 1.915e+07 1.921e+07 1.927e+07 1.933e+07 1.939e+07 1.945e+07 1.951e+07 1.957e+07 1.963e+07 1.969e+07 1.975e+07 1.981e+07 1.987e+07 1.993e+07 1.999e+07 2.005e+07 2.011e+07 2.017e+07 2.023e+07 2.029e+07 2.035e+07 2.041e+07 2.048e+07 2.054e+07 2.060e+07 2.066e+07 2.072e+07 2.078e+07
2.083e+07 2.088e+07 2.093e+07 2.099e+07 2.104e+07 2.109e+07 2.115e+07 2.120e+07 2.125e+07 2.130e+07 2.136e+07 2.141e+07 2.146e+07 2.151e+07 2.157e+07 2.162e+07 2.167e+07 2.172e+07 2.178e+07 2.183e+07 2.188e+07 2.194e+07 2.199e+07 2.204e+07 2.209e+07 2.215e+07 2.220e+07 2.225e+07 2.230e+07 2.236e+07
2.240e+07 2.245e+07 2.249e+07 2.254e+07 2.258e+07 2.263e+07 2.267e+07 2.272e+07 2.276e+07 2.281e+07 2.285e+07 2.290e+07 2.294e+07 2.299e+07 2.303e+07 2.308e+07 2.312e+07 2.317e+07 2.322e+07 2.326e+07 2.331e+07 2.335e+07 2.340e+07 2.344e+07 2.349e+07 2.353e+07 2.358e+07 2.362e+07 2.367e+07 2.371e+07
2.375e+07 2.379e+07 2.382e+07 2.386e+07 2.390e+07 2.394e+07 2.398e+07 2.401e+07 2.405e+07 2.409e+07 2.413e+07 2.416e+07 2.420e+07 2.424e+07 2.428e+07 2.431e+07 2.435e+07 2.439e+07 2.443e+07 2.446e+07 2.450e+07 2.454e+07 2.458e+07 2.462e+07 2.465e+07 2.469e+07 2.473e+07 2.477e+07 2.480e+07 2.484e+07
2.487e+07 2.490e+07 2.493e+07 2.496e+07 2.499e+07 2.502e+07 2.505e+07 2.508e+07 2.511e+07 2.514e+07 2.517e+07 2.520e+07 2.523e+07 2.526e+07 2.529e+07 2.532e+07 2.535e+07 2.538e+07 2.541e+07 2.544e+07 2.547e+07 2.550e+07 2.553e+07 2.556e+07 2.559e+07 2.562e+07 2.565e+07 2.568e+07 2.571e+07 2.574e+07
2.577e+07 2.579e+07 2.581e+07 2.583e+07 2.586e+07 2.588e+07 2.590e+07 2.592e+07 2.595e+07 2.597e+07 2.599e+07 2.602e+07 2.604e+07 2.606e+07 2.608e+07 2.611e+07 2.613e+07 2.615e+07 2.617e+07 2.620e+07 2.622e+07 2.624e+07 2.626e+07 2.629e+07 2.631e+07 2.633e+07 2.635e+07 2.638e+07 2.640e+07 2.642e+07
2.644e+07 2.645e+07 2.647e+07 2.648e+07 2.650e+07 2.651e+07 2.653e+07 2.654e+07 2.656e+07 2.657e+07 2.659e+07 2.660e+07 2.662e+07 2.663e+07 2.665e+07 2.666e+07 2.668e+07 2.669e+07 2.671e+07 2.672e+07 2.674e+07 2.675e+07 2.677e+07 2.678e+07 2.680e+07 2.681e+07 2.683e+07 2.684e+07 2.686e+07 2.687e+07
2.688e+07 2.689e+07 2.690e+07 2.690e+07 2.691e+07 2.692e+07 2.693e+07 2.693e+07 2.694e+07 2.695e+07 2.696e+07 2.696e+07 2.697e+07 2.698e+07 2.699e+07 2.699e+07 2.700e+07 2.701e+07 2.702e+07 2.702e+07 2.703e+07 2.704e+07 2.705e+07 2.705e+07 2.706e+07 2.707e+07 2.708e+07 2.708e+07 2.709e+07 2.710e+07
2.710e+07 2.710e+07 2.710e+07 2.710e+07 2.710e+07 2.710e+07 2.710e+07 2.710e+07 2.710e+07 2.710e+07 2.710e+07 2.710e+07 2.710e+07 2.710e+07 2.710e+07 2.710e+07 2.710e+07 2.710e+07 2.710e+07 2.710e+07 2.710e+07 2.710e+07 2.710e+07 2.710e+07 2.710e+07 2.710e+07 2.710e+07 2.710e+07 2.710e+07 2.710e+07
2.709e+07 2.708e+07 2.708e+07 2.707e+07 2.706e+07 2.705e+07 2.705e+07 2.704e+07 2.703e+07 2.702e+07 2.702e+07 2.701e+07 2.700e+07 2.699e+07 2.699e+07 2.698e+07 2.697e+07 2.696e+07 2.696e+07 2.695e+07 2.694e+07 2.693e+07 2.693e+07 2.692e+07 2.691e+07 2.690e+07 2.690e+07 2.689e+07 2.688e+07 2.687e+07
2.686e+07 2.684e+07 2.683e+07 2.681e+07 2.680e+07 2.678e+07 2.677e+07 2.675e+07 2.674e+07 2.672e+07 2.671e+07 2.669e+07 2.668e+07 2.666e+07 2.665e+07 2.663e+07 2.662e+07 2.660e+07 2.659e+07 2.657e+07 2.656e+07 2.654e+07 2.653e+07 2.651e+07 2.650e+07 2.648e+07 2.647e+07 2.645e+07 2.644e+07 2.642e+07
2.640e+07 2.638e+07 2.635e+07 2.633e+07 2.631e+07 2.629e+07 2.626e+07 2.624e+07 2.622e+07 2.620e+07 2.617e+07 2.615e+07 2.613e+07 2.611e+07 2.608e+07 2.606e+07 2.604e+07 2.602e+07 2.599e+07 2.597e+07 2.595e+07 2.592e+07 2.590e+07 2.588e+07 2.586e+07 2.583e+07 2.581e+07 2.579e+07 2.577e+07 2.574e+07
2.571e+07 2.568e+07 2.565e+07 2.562e+07 2.559e+07 2.556e+07 2.553e+07 2.550e+07 2.547e+07 2.544e+07 2.541e+07 2.538e+07 2.535e+07 2.532e+07 2.529e+07 2.526e+07 2.523e+07 2.520e+07 2.517e+07 2.514e+07 2.511e+07 2.508e+07 2.505e+07 2.502e+07 2.499e+07 2.496e+07 2.493e+07 2.490e+07 2.487e+07 2.484e+07
2.480e+07 2.477e+07 2.473e+07 2.469e+07 2.465e+07 2.462e+07 2.458e+07 2.454e+07 2.450e+07 2.446e+07 2.443e+07 2.439e+07 2.435e+07 2.431e+07 2.428e+07 2.424e+07 2.420e+07 2.416e+07 2.413e+07 2.409e+07 2.405e+07 2.401e+07 2.398e+07 2.394e+07 2.390e+07 2.386e+07 2.382e+07 2.379e+07 2.375e+07 2.371e+07
2.367e+07 2.362e+07 2.358e+07 2.353e+07 2.349e+07 2.344e+07 2.340e+07 2.335e+07 2.331e+07 2.326e+07 2.322e+07 2.317e+07 2.312e+07 2.308e+07 2.303e+07 2.299e+07 2.294e+07 2.290e+07 2.285e+07 2.281e+07 2.276e+07 2.272e+07 2.267e+07 2.263e+07 2.258e+07 2.254e+07 2.249e+07 2.245e+07 2.240e+07 2.236e+07
2.230e+07 2.225e+07 2.220e+07 2.215e+07 2.209e+07 2.204e+07 2.199e+07 2.194e+07 2.188e+07 2.183e+07 2.178e+07 2.172e+07 2.167e+07 2.162e+07 2.157e+07 2.151e+07 2.146e+07 2.141e+07 2.136e+07 2.130e+07 2.125e+07 2.120e+07 2.115e+07 2.109e+07 2.104e+07 2.099e+07 2.093e+07 2.088e+07 2.083e+07 2.078e+07
2.072e+07 2.066e+07 2.060e+07 2.054e+07 2.048e+07 2.042e+07 2.035e+07 2.029e+07 2.023e+07 2.017e+07 2.011e+07 2.005e+07 1.999e+07 1.993e+07 1.987e+07 1.981e+07 1.975e+07 1.969e+07 1.963e+07 1.957e+07 1.951e+07 1.945e+07 1.939e+07 1.933e+07 1.927e+07 1.921e+07 1.915e+07 1.909e+07 1.903e+07 1.897e+07
1.890e+07 1.883e+07 1.877e+07 1.870e+07 1.863e+07 1.856e+07 1.850e+07 1.843e+07 1.836e+07 1.829e+07 1.822e+07 1.816e+07 1.809e+07 1.802e+07 1.795e+07 1.789e+07 1.782e+07 1.775e+07 1.768e+07 1.761e+07 1.755e+07 1.748e+07 1.741e+07 1.734e+07 1.728e+07 1.721e+07 1.714e+07 1.707e+07 1.701e+07 1.694e+07
1.686e+07 1.679e+07 1.671e+07 1.664e+07 1.656e+07 1.649e+07 1.641e+07 1.634e+07 1.626e+07 1.618e+07 1.611e+07 1.603e+07 1.596e+07 1.588e+07 1.581e+07 1.573e+07 1.566e+07 1.558e+07 1.551e+07 1.543e+07 1.536e+07 1.528e+07 1.521e+07 1.513e+07 1.506e+07 1.498e+07 1.491e+07 1.483e+07 1.475e+07 1.468e+07
1.460e+07 1.451e+07 1.443e+07 1.435e+07 1.427e+07 1.418e+07 1.410e+07 1.402e+07 1.393e+07 1.385e+07 1.377e+07 1.369e+07 1.360e+07 1.352e+07 1.344e+07 1.335e+07 1.327e+07 1.319e+07 1.311e+07 1.302e+07 1.294e+07 1.286e+07 1.278e+07 1.269e+07 1.261e+07 1.253e+07 1.244e+07 1.236e+07 1.228e+07 1.220e+07
1.211e+07 1.201e+07 1.192e+07 1.183e+07 1.174e+07 1.165e+07 1.156e+07 1.147e+07 1.138e+07 1.129e+07 1.120e+07 1.111e+07 1.102e+07 1.093e+07 1.084e+07 1.075e+07 1.066e+07 1.057e+07 1.048e+07 1.039e+07 1.030e+07 1.021e+07 1.012e+07 1.003e+07 9.938e+06 9.847e+06 9.757e+06 9.667e+06 9.576e+06 9.486e+06
9.388e+06 9.290e+06 9.192e+06 9.094e+06 8.997e+06 8.899e+06 8.801e+06 8.703e+06 8.605e+06 8.507e+06 8.410e+06 8.312e+06 8.214e+06 8.116e+06 8.018e+06 7.920e+06 7.822e+06 7.725e+06 7.627e+06 7.529e+06 7.431e+06 7.333e+06 7.235e+06 7.137e+06 7.040e+06 6.942e+06 6.844e+06 6.746e+06 6.648e+06 6.550e+06
6.445e+06 6.340e+06 6.234e+06 6.129e+06 6.024e+06 5.918e+06 5.813e+06 5.707e+06 5.602e+06 5.497e+06 5.391e+06 5.286e+06 5.180e+06 5.075e+06 4.970e+06 4.864e+06 4.759e+06 4.654e+06 4.548e+06 4.443e+06 4.337e+06 4.232e+06 4.127e+06 4.021e+06 3.916e+06 3.811e+06 3.705e+06 3.600e+06 3.494e+06 3.389e+06
3.276e+06 3.163e+06 3.050e+06 2.937e+06 2.825e+06 2.712e+06 2.599e+06 2.486e+06 2.373e+06 2.260e+06 2.147e+06 2.034e+06 1.921e+06 1.808e+06 1.696e+06 1.583e+06 1.470e+06 1.357e+06 1.244e+06 1.131e+06 1.018e+06 9.052e+05 7.923e+05 6.794e+05 5.665e+05 4.536e+05 3.407e+05 2.278e+05 1.150e+05 2.002e+04
1.026e+05 2.018e+05 3.009e+05 4.001e+05 4.993e+05 5.984e+05 6.976e+05 7.967e+05 8.959e+05 9.950e+05 1.094e+06 1.193e+06 1.292e+06 1.392e+06 1.491e+06 1.590e+06 1.689e+06 1.788e+06 1.887e+06 1.987e+06 2.086e+06 2.185e+06 2.284e+06 2.383e+06 2.482e+06 2.581e+06 2.681e+06 2.780e+06 2.879e+06 2.978e+06
3.083e+06 3.189e+06 3.294e+06 3.400e+06 3.505e+06 3.610e+06 3.716e+06 3.821e+06 3.926e+06 4.032e+06 4.137e+06 4.242e+06 4.348e+06 4.453e+06 4.558e+06 4.664e+06 4.769e+06 4.874e+06 4.980e+06 5.085e+06 5.190e+06 5.296e+06 5.401e+06 5.507e+06 5.612e+06 5.717e+06 5.823e+06 5.928e+06 6.033e+06 6.139e+06
6.250e+06 6.362e+06 6.473e+06 6.585e+06 6.696e+06 6.808e+06 6.919e+06 7.031e+06 7.143e+06 7.254e+06 7.366e+06 7.477e+06 7.589e+06 7.700e+06 7.812e+06 7.923e+06 8.035e+06 8.147e+06 8.258e+06 8.370e+06 8.481e+06 8.593e+06 8.704e+06 8.816e+06 8.927e+06 9.039e+06 9.150e+06 9.262e+06 9.374e+06 9.485e+06
9.603e+06 9.721e+06 9.838e+06 9.956e+06 1.007e+07 1.019e+07 1.031e+07 1.043e+07 1.054e+07 1.066e+07 1.078e+07 1.090e+07 1.102e+07 1.113e+07 1.125e+07 1.137e+07 1.149e+07 1.160e+07 1.172e+07 1.184e+07 1.196e+07 1.208e+07 1.219e+07 1.231e+07 1.243e+07 1.255e+07 1.266e+07 1.278e+07 1.290e+07 1.302e+07
