4.026e+05 4.042e+05 4.042e+05 4.042e+05 4.042e+05 4.042e+05 4.042e+05 4.042e+05 4.042e+05 4.042e+05 4.042e+05 4.042e+05 4.042e+05 4.042e+05 4.042e+05 4.042e+05 4.042e+05 4.042e+05 4.042e+05 4.171e+05 1.484e+06 2.730e+06 2.859e+06 2.984e+06 3.108e+06 3.232e+06 3.356e+06 3.481e+06 3.605e+06 3.729e+06
3.845e+06 3.961e+06 4.077e+06 4.193e+06 4.309e+06 4.425e+06 4.541e+06 4.657e+06 4.773e+06 4.889e+06 5.005e+06 5.121e+06 5.237e+06 5.353e+06 5.469e+06 5.584e+06 5.700e+06 5.816e+06 5.932e+06 6.048e+06 6.164e+06 6.280e+06 6.396e+06 6.512e+06 6.628e+06 6.744e+06 6.860e+06 6.976e+06 7.092e+06 7.208e+06
7.316e+06 7.423e+06 7.531e+06 7.639e+06 7.746e+06 7.854e+06 7.962e+06 8.069e+06 8.177e+06 8.285e+06 8.392e+06 8.500e+06 8.608e+06 8.715e+06 8.823e+06 8.931e+06 9.038e+06 9.146e+06 9.254e+06 9.361e+06 9.469e+06 9.577e+06 9.684e+06 9.792e+06 9.900e+06 1.001e+07 1.012e+07 1.022e+07 1.033e+07 1.044e+07
1.054e+07 1.064e+07 1.074e+07 1.084e+07 1.094e+07 1.103e+07 1.113e+07 1.123e+07 1.133e+07 1.143e+07 1.153e+07 1.163e+07 1.173e+07 1.183e+07 1.193e+07 1.203e+07 1.213e+07 1.223e+07 1.233e+07 1.243e+07 1.253e+07 1.262e+07 1.272e+07 1.282e+07 1.292e+07 1.302e+07 1.312e+07 1.322e+07 1.332e+07 1.342e+07
1.351e+07 1.360e+07 1.369e+07 1.378e+07 1.388e+07 1.397e+07 1.406e+07 1.415e+07 1.424e+07 1.433e+07 1.442e+07 1.451e+07 1.460e+07 1.470e+07 1.479e+07 1.488e+07 1.497e+07 1.506e+07 1.515e+07 1.524e+07 1.533e+07 1.542e+07 1.552e+07 1.561e+07 1.570e+07 1.579e+07 1.588e+07 1.597e+07 1.606e+07 1.615e+07
1.624e+07 1.632e+07 1.640e+07 1.648e+07 1.657e+07 1.665e+07 1.673e+07 1.682e+07 1.690e+07 1.698e+07 1.706e+07 1.715e+07 1.723e+07 1.731e+07 1.740e+07 1.748e+07 1.756e+07 1.764e+07 1.773e+07 1.781e+07 1.789e+07 1.798e+07 1.806e+07 1.814e+07 1.822e+07 1.831e+07 1.839e+07 1.847e+07 1.856e+07 1.864e+07
1.871e+07 1.879e+07 1.886e+07 1.894e+07 1.901e+07 1.909e+07 1.916e+07 1.923e+07 1.931e+07 1.938e+07 1.946e+07 1.953e+07 1.961e+07 1.968e+07 1.976e+07 1.983e+07 1.991e+07 1.998e+07 2.005e+07 2.013e+07 2.020e+07 2.028e+07 2.035e+07 2.043e+07 2.050e+07 2.058e+07 2.065e+07 2.073e+07 2.080e+07 2.087e+07
2.094e+07 2.101e+07 2.107e+07 2.114e+07 2.121e+07 2.127e+07 2.134e+07 2.140e+07 2.147e+07 2.154e+07 2.160e+07 2.167e+07 2.174e+07 2.180e+07 2.187e+07 2.193e+07 2.200e+07 2.207e+07 2.213e+07 2.220e+07 2.227e+07 2.233e+07 2.240e+07 2.246e+07 2.253e+07 2.260e+07 2.266e+07 2.273e+07 2.280e+07 2.286e+07
2.292e+07 2.298e+07 2.304e+07 2.309e+07 2.315e+07 2.321e+07 2.327e+07 2.333e+07 2.338e+07 2.344e+07 2.350e+07 2.356e+07 2.362e+07 2.367e+07 2.373e+07 2.379e+07 2.385e+07 2.391e+07 2.396e+07 2.402e+07 2.408e+07 2.414e+07 2.420e+07 2.425e+07 2.431e+07 2.437e+07 2.443e+07 2.449e+07 2.454e+07 2.460e+07
2.465e+07 2.470e+07 2.475e+07 2.480e+07 2.485e+07 2.490e+07 2.495e+07 2.500e+07 2.505e+07 2.510e+07 2.515e+07 2.520e+07 2.525e+07 2.530e+07 2.535e+07 2.540e+07 2.545e+07 2.550e+07 2.555e+07 2.560e+07 2.565e+07 2.569e+07 2.574e+07 2.579e+07 2.584e+07 2.589e+07 2.594e+07 2.599e+07 2.604e+07 2.609e+07
2.613e+07 2.618e+07 2.622e+07 2.626e+07 2.630e+07 2.634e+07 2.638e+07 2.642e+07 2.647e+07 2.651e+07 2.655e+07 2.659e+07 2.663e+07 2.667e+07 2.671e+07 2.675e+07 2.680e+07 2.684e+07 2.688e+07 2.692e+07 2.696e+07 2.700e+07 2.704e+07 2.709e+07 2.713e+07 2.717e+07 2.721e+07 2.725e+07 2.729e+07 2.733e+07
2.737e+07 2.740e+07 2.743e+07 2.747e+07 2.750e+07 2.753e+07 2.757e+07 2.760e+07 2.763e+07 2.767e+07 2.770e+07 2.773e+07 2.777e+07 2.780e+07 2.783e+07 2.786e+07 2.790e+07 2.793e+07 2.796e+07 2.800e+07 2.803e+07 2.806e+07 2.810e+07 2.813e+07 2.816e+07 2.820e+07 2.823e+07 2.826e+07 2.830e+07 2.833e+07
2.835e+07 2.838e+07 2.840e+07 2.843e+07 2.845e+07 2.848e+07 2.850e+07 2.853e+07 2.855e+07 2.858e+07 2.860e+07 2.863e+07 2.865e+07 2.868e+07 2.870e+07 2.873e+07 2.875e+07 2.878e+07 2.880e+07 2.883e+07 2.885e+07 2.888e+07 2.890e+07 2.892e+07 2.895e+07 2.897e+07 2.900e+07 2.902e+07 2.905e+07 2.907e+07
2.909e+07 2.911e+07 2.912e+07 2.914e+07 2.916e+07 2.917e+07 2.919e+07 2.921e+07 2.922e+07 2.924e+07 2.926e+07 2.927e+07 2.929e+07 2.931e+07 2.932e+07 2.934e+07 2.936e+07 2.937e+07 2.939e+07 2.941e+07 2.942e+07 2.944e+07 2.946e+07 2.947e+07 2.949e+07 2.950e+07 2.952e+07 2.954e+07 2.955e+07 2.957e+07
2.958e+07 2.959e+07 2.960e+07 2.960e+07 2.961e+07 2.962e+07 2.963e+07 2.964e+07 2.965e+07 2.965e+07 2.966e+07 2.967e+07 2.968e+07 2.969e+07 2.970e+07 2.970e+07 2.971e+07 2.972e+07 2.973e+07 2.974e+07 2.974e+07 2.975e+07 2.976e+07 2.977e+07 2.978e+07 2.979e+07 2.979e+07 2.980e+07 2.981e+07 2.982e+07
2.982e+07 2.982e+07 2.982e+07 2.982e+07 2.982e+07 2.982e+07 2.982e+07 2.982e+07 2.982e+07 2.982e+07 2.982e+07 2.982e+07 2.982e+07 2.982e+07 2.982e+07 2.982e+07 2.982e+07 2.982e+07 2.982e+07 2.982e+07 2.982e+07 2.982e+07 2.982e+07 2.982e+07 2.982e+07 2.982e+07 2.982e+07 2.982e+07 2.982e+07 2.982e+07
2.981e+07 2.980e+07 2.979e+07 2.979e+07 2.978e+07 2.977e+07 2.976e+07 2.975e+07 2.974e+07 2.974e+07 2.973e+07 2.972e+07 2.971e+07 2.970e+07 2.970e+07 2.969e+07 2.968e+07 2.967e+07 2.966e+07 2.965e+07 2.965e+07 2.964e+07 2.963e+07 2.962e+07 2.961e+07 2.960e+07 2.960e+07 2.959e+07 2.958e+07 2.957e+07
2.955e+07 2.954e+07 2.952e+07 2.950e+07 2.949e+07 2.947e+07 2.946e+07 2.944e+07 2.942e+07 2.941e+07 2.939e+07 2.937e+07 2.936e+07 2.934e+07 2.932e+07 2.931e+07 2.929e+07 2.927e+07 2.926e+07 2.924e+07 2.922e+07 2.921e+07 2.919e+07 2.917e+07 2.916e+07 2.914e+07 2.912e+07 2.911e+07 2.909e+07 2.907e+07
2.905e+07 2.902e+07 2.900e+07 2.897e+07 2.895e+07 2.892e+07 2.890e+07 2.888e+07 2.885e+07 2.883e+07 2.880e+07 2.878e+07 2.875e+07 2.873e+07 2.870e+07 2.868e+07 2.865e+07 2.863e+07 2.860e+07 2.858e+07 2.855e+07 2.853e+07 2.850e+07 2.848e+07 2.845e+07 2.843e+07 2.840e+07 2.838e+07 2.835e+07 2.833e+07
2.830e+07 2.826e+07 2.823e+07 2.820e+07 2.816e+07 2.813e+07 2.810e+07 2.806e+07 2.803e+07 2.800e+07 2.796e+07 2.793e+07 2.790e+07 2.786e+07 2.783e+07 2.780e+07 2.777e+07 2.773e+07 2.770e+07 2.767e+07 2.763e+07 2.760e+07 2.757e+07 2.753e+07 2.750e+07 2.747e+07 2.743e+07 2.740e+07 2.737e+07 2.733e+07
2.729e+07 2.725e+07 2.721e+07 2.717e+07 2.713e+07 2.709e+07 2.704e+07 2.700e+07 2.696e+07 2.692e+07 2.688e+07 2.684e+07 2.680e+07 2.675e+07 2.671e+07 2.667e+07 2.663e+07 2.659e+07 2.655e+07 2.651e+07 2.647e+07 2.642e+07 2.638e+07 2.634e+07 2.630e+07 2.626e+07 2.622e+07 2.618e+07 2.613e+07 2.609e+07
2.604e+07 2.599e+07 2.594e+07 2.589e+07 2.584e+07 2.579e+07 2.574e+07 2.569e+07 2.565e+07 2.560e+07 2.555e+07 2.550e+07 2.545e+07 2.540e+07 2.535e+07 2.530e+07 2.525e+07 2.520e+07 2.515e+07 2.510e+07 2.505e+07 2.500e+07 2.495e+07 2.490e+07 2.485e+07 2.480e+07 2.475e+07 2.470e+07 2.465e+07 2.460e+07
2.454e+07 2.449e+07 2.443e+07 2.437e+07 2.431e+07 2.425e+07 2.420e+07 2.414e+07 2.408e+07 2.402e+07 2.396e+07 2.391e+07 2.385e+07 2.379e+07 2.373e+07 2.367e+07 2.362e+07 2.356e+07 2.350e+07 2.344e+07 2.338e+07 2.333e+07 2.327e+07 2.321e+07 2.315e+07 2.309e+07 2.304e+07 2.298e+07 2.292e+07 2.286e+07
2.280e+07 2.273e+07 2.266e+07 2.260e+07 2.253e+07 2.246e+07 2.240e+07 2.233e+07 2.227e+07 2.220e+07 2.213e+07 2.207e+07 2.200e+07 2.193e+07 2.187e+07 2.180e+07 2.174e+07 2.167e+07 2.160e+07 2.154e+07 2.147e+07 2.140e+07 2.134e+07 2.127e+07 2.121e+07 2.114e+07 2.107e+07 2.101e+07 2.094e+07 2.087e+07
2.080e+07 2.073e+07 2.065e+07 2.058e+07 2.050e+07 2.043e+07 2.035e+07 2.028e+07 2.020e+07 2.013e+07 2.005e+07 1.998e+07 1.991e+07 1.983e+07 1.976e+07 1.968e+07 1.961e+07 1.953e+07 1.946e+07 1.938e+07 1.931e+07 1.923e+07 1.916e+07 1.909e+07 1.901e+07 1.894e+07 1.886e+07 1.879e+07 1.871e+07 1.864e+07
1.856e+07 1.847e+07 1.839e+07 1.831e+07 1.822e+07 1.814e+07 1.806e+07 1.798e+07 1.789e+07 1.781e+07 1.773e+07 1.764e+07 1.756e+07 1.748e+07 1.740e+07 1.731e+07 1.723e+07 1.715e+07 1.706e+07 1.698e+07 1.690e+07 1.682e+07 1.673e+07 1.665e+07 1.657e+07 1.648e+07 1.640e+07 1.632e+07 1.624e+07 1.615e+07
1.606e+07 1.597e+07 1.588e+07 1.579e+07 1.570e+07 1.561e+07 1.552e+07 1.542e+07 1.533e+07 1.524e+07 1.515e+07 1.506e+07 1.497e+07 1.488e+07 1.479e+07 1.470e+07 1.460e+07 1.451e+07 1.442e+07 1.433e+07 1.424e+07 1.415e+07 1.406e+07 1.397e+07 1.388e+07 1.378e+07 1.369e+07 1.360e+07 1.351e+07 1.342e+07
1.332e+07 1.322e+07 1.312e+07 1.302e+07 1.292e+07 1.282e+07 1.272e+07 1.262e+07 1.253e+07 1.243e+07 1.233e+07 1.223e+07 1.213e+07 1.203e+07 1.193e+07 1.183e+07 1.173e+07 1.163e+07 1.153e+07 1.143e+07 1.133e+07 1.123e+07 1.113e+07 1.103e+07 1.094e+07 1.084e+07 1.074e+07 1.064e+07 1.054e+07 1.044e+07
1.033e+07 1.022e+07 1.012e+07 1.001e+07 9.900e+06 9.792e+06 9.685e+06 9.577e+06 9.469e+06 9.362e+06 9.254e+06 9.146e+06 9.039e+06 8.931e+06 8.823e+06 8.715e+06 8.608e+06 8.500e+06 8.392e+06 8.285e+06 8.177e+06 8.069e+06 7.962e+06 7.854e+06 7.746e+06 7.639e+06 7.531e+06 7.423e+06 7.316e+06 7.208e+06
7.092e+06 6.976e+06 6.860e+06 6.744e+06 6.628e+06 6.512e+06 6.396e+06 6.280e+06 6.164e+06 6.048e+06 5.933e+06 5.817e+06 5.701e+06 5.585e+06 5.469e+06 5.353e+06 5.237e+06 5.121e+06 5.005e+06 4.889e+06 4.773e+06 4.657e+06 4.541e+06 4.425e+06 4.309e+06 4.193e+06 4.077e+06 3.961e+06 3.845e+06 3.729e+06
3.605e+06 3.481e+06 3.357e+06 3.232e+06 3.108e+06 2.984e+06 2.860e+06 2.735e+06 2.611e+06 2.487e+06 2.363e+06 2.239e+06 2.114e+06 1.990e+06 1.866e+06 1.742e+06 1.617e+06 1.493e+06 1.369e+06 1.245e+06 1.120e+06 9.961e+05 8.719e+05 7.476e+05 6.234e+05 4.992e+05 3.749e+05 2.507e+05 1.266e+05 2.308e+04
1.095e+05 2.162e+05 3.229e+05 4.297e+05 5.364e+05 6.431e+05 7.499e+05 8.566e+05 9.633e+05 1.070e+06 1.177e+06 1.284e+06 1.390e+06 1.497e+06 1.604e+06 1.710e+06 1.817e+06 1.924e+06 2.031e+06 2.137e+06 2.244e+06 2.351e+06 2.458e+06 2.564e+06 2.671e+06 2.778e+06 2.885e+06 2.991e+06 3.098e+06 3.205e+06
3.318e+06 3.432e+06 3.545e+06 3.658e+06 3.772e+06 3.885e+06 3.999e+06 4.112e+06 4.225e+06 4.339e+06 4.452e+06 4.566e+06 4.679e+06 4.792e+06 4.906e+06 5.019e+06 5.133e+06 5.246e+06 5.360e+06 5.473e+06 5.586e+06 5.700e+06 5.813e+06 5.927e+06 6.040e+06 6.153e+06 6.267e+06 6.380e+06 6.494e+06 6.607e+06
6.727e+06 6.847e+06 6.967e+06 7.087e+06 7.207e+06 7.327e+06 7.448e+06 7.568e+06 7.688e+06 7.808e+06 7.928e+06 8.048e+06 8.168e+06 8.288e+06 8.408e+06 8.528e+06 8.648e+06 8.768e+06 8.888e+06 9.009e+06 9.129e+06 9.249e+06 9.369e+06 9.489e+06 9.609e+06 9.729e+06 9.849e+06 9.969e+06 1.009e+07 1.021e+07
1.034e+07 1.046e+07 1.059e+07 1.072e+07 1.084e+07 1.097e+07 1.110e+07 1.122e+07 1.135e+07 1.148e+07 1.160e+07 1.173e+07 1.186e+07 1.198e+07 1.211e+07 1.224e+07 1.236e+07 1.249e+07 1.262e+07 1.274e+07 1.287e+07 1.300e+07 1.312e+07 1.325e+07 1.338e+07 1.350e+07 1.363e+07 1.376e+07 1.389e+07 1.401e+07
