3.002e+05 3.008e+05 3.008e+05 3.008e+05 3.008e+05 3.008e+05 3.008e+05 3.008e+05 3.008e+05 3.008e+05 3.008e+05 3.008e+05 3.008e+05 3.008e+05 3.008e+05 3.008e+05 3.008e+05 3.008e+05 3.008e+05 3.090e+05 1.128e+06 2.090e+06 2.186e+06 2.281e+06 2.376e+06 2.471e+06 2.566e+06 2.661e+06 2.756e+06 2.851e+06
2.939e+06 3.028e+06 3.117e+06 3.205e+06 3.294e+06 3.382e+06 3.471e+06 3.560e+06 3.648e+06 3.737e+06 3.825e+06 3.914e+06 4.003e+06 4.091e+06 4.180e+06 4.268e+06 4.357e+06 4.446e+06 4.534e+06 4.623e+06 4.711e+06 4.800e+06 4.889e+06 4.977e+06 5.066e+06 5.154e+06 5.243e+06 5.332e+06 5.420e+06 5.509e+06
5.591e+06 5.673e+06 5.756e+06 5.838e+06 5.920e+06 6.002e+06 6.085e+06 6.167e+06 6.249e+06 6.332e+06 6.414e+06 6.496e+06 6.578e+06 6.661e+06 6.743e+06 6.825e+06 6.907e+06 6.990e+06 7.072e+06 7.154e+06 7.236e+06 7.319e+06 7.401e+06 7.483e+06 7.566e+06 7.648e+06 7.730e+06 7.812e+06 7.895e+06 7.977e+06
8.053e+06 8.129e+06 8.205e+06 8.281e+06 8.357e+06 8.433e+06 8.509e+06 8.584e+06 8.660e+06 8.736e+06 8.812e+06 8.888e+06 8.964e+06 9.040e+06 9.116e+06 9.192e+06 9.268e+06 9.344e+06 9.420e+06 9.496e+06 9.572e+06 9.648e+06 9.724e+06 9.800e+06 9.875e+06 9.951e+06 1.003e+07 1.010e+07 1.018e+07 1.026e+07
1.032e+07 1.039e+07 1.046e+07 1.053e+07 1.060e+07 1.067e+07 1.074e+07 1.081e+07 1.088e+07 1.095e+07 1.102e+07 1.109e+07 1.116e+07 1.123e+07 1.130e+07 1.137e+07 1.144e+07 1.151e+07 1.158e+07 1.165e+07 1.172e+07 1.179e+07 1.186e+07 1.193e+07 1.200e+07 1.207e+07 1.213e+07 1.220e+07 1.227e+07 1.234e+07
1.241e+07 1.247e+07 1.253e+07 1.260e+07 1.266e+07 1.272e+07 1.279e+07 1.285e+07 1.291e+07 1.298e+07 1.304e+07 1.310e+07 1.317e+07 1.323e+07 1.329e+07 1.336e+07 1.342e+07 1.348e+07 1.355e+07 1.361e+07 1.367e+07 1.374e+07 1.380e+07 1.386e+07 1.393e+07 1.399e+07 1.405e+07 1.412e+07 1.418e+07 1.424e+07
1.430e+07 1.436e+07 1.441e+07 1.447e+07 1.453e+07 1.458e+07 1.464e+07 1.470e+07 1.475e+07 1.481e+07 1.487e+07 1.493e+07 1.498e+07 1.504e+07 1.510e+07 1.515e+07 1.521e+07 1.527e+07 1.532e+07 1.538e+07 1.544e+07 1.550e+07 1.555e+07 1.561e+07 1.567e+07 1.572e+07 1.578e+07 1.584e+07 1.589e+07 1.595e+07
1.600e+07 1.605e+07 1.610e+07 1.615e+07 1.620e+07 1.625e+07 1.631e+07 1.636e+07 1.641e+07 1.646e+07 1.651e+07 1.656e+07 1.661e+07 1.666e+07 1.671e+07 1.676e+07 1.681e+07 1.686e+07 1.691e+07 1.696e+07 1.701e+07 1.706e+07 1.712e+07 1.717e+07 1.722e+07 1.727e+07 1.732e+07 1.737e+07 1.742e+07 1.747e+07
1.751e+07 1.756e+07 1.760e+07 1.765e+07 1.769e+07 1.774e+07 1.778e+07 1.782e+07 1.787e+07 1.791e+07 1.796e+07 1.800e+07 1.805e+07 1.809e+07 1.813e+07 1.818e+07 1.822e+07 1.827e+07 1.831e+07 1.836e+07 1.840e+07 1.844e+07 1.849e+07 1.853e+07 1.858e+07 1.862e+07 1.867e+07 1.871e+07 1.875e+07 1.880e+07
1.884e+07 1.887e+07 1.891e+07 1.895e+07 1.899e+07 1.903e+07 1.906e+07 1.910e+07 1.914e+07 1.918e+07 1.922e+07 1.925e+07 1.929e+07 1.933e+07 1.937e+07 1.941e+07 1.944e+07 1.948e+07 1.952e+07 1.956e+07 1.960e+07 1.963e+07 1.967e+07 1.971e+07 1.975e+07 1.979e+07 1.982e+07 1.986e+07 1.990e+07 1.994e+07
1.997e+07 2.000e+07 2.003e+07 2.006e+07 2.010e+07 2.013e+07 2.016e+07 2.019e+07 2.022e+07 2.025e+07 2.029e+07 2.032e+07 2.035e+07 2.038e+07 2.041e+07 2.044e+07 2.048e+07 2.051e+07 2.054e+07 2.057e+07 2.060e+07 2.063e+07 2.067e+07 2.070e+07 2.073e+07 2.076e+07 2.079e+07 2.082e+07 2.086e+07 2.089e+07
2.091e+07 2.094e+07 2.096e+07 2.099e+07 2.101e+07 2.104e+07 2.106e+07 2.109e+07 2.111e+07 2.114e+07 2.117e+07 2.119e+07 2.122e+07 2.124e+07 2.127e+07 2.129e+07 2.132e+07 2.134e+07 2.137e+07 2.139e+07 2.142e+07 2.144e+07 2.147e+07 2.149e+07 2.152e+07 2.155e+07 2.157e+07 2.160e+07 2.162e+07 2.165e+07
2.167e+07 2.168e+07 2.170e+07 2.172e+07 2.174e+07 2.176e+07 2.178e+07 2.180e+07 2.182e+07 2.184e+07 2.186e+07 2.187e+07 2.189e+07 2.191e+07 2.193e+07 2.195e+07 2.197e+07 2.199e+07 2.201e+07 2.203e+07 2.205e+07 2.206e+07 2.208e+07 2.210e+07 2.212e+07 2.214e+07 2.216e+07 2.218e+07 2.220e+07 2.222e+07
2.223e+07 2.224e+07 2.225e+07 2.227e+07 2.228e+07 2.229e+07 2.230e+07 2.232e+07 2.233e+07 2.234e+07 2.236e+07 2.237e+07 2.238e+07 2.239e+07 2.241e+07 2.242e+07 2.243e+07 2.244e+07 2.246e+07 2.247e+07 2.248e+07 2.249e+07 2.251e+07 2.252e+07 2.253e+07 2.255e+07 2.256e+07 2.257e+07 2.258e+07 2.260e+07
2.260e+07 2.261e+07 2.261e+07 2.262e+07 2.263e+07 2.263e+07 2.264e+07 2.265e+07 2.265e+07 2.266e+07 2.267e+07 2.267e+07 2.268e+07 2.268e+07 2.269e+07 2.270e+07 2.270e+07 2.271e+07 2.272e+07 2.272e+07 2.273e+07 2.273e+07 2.274e+07 2.275e+07 2.275e+07 2.276e+07 2.277e+07 2.277e+07 2.278e+07 2.279e+07
2.279e+07 2.279e+07 2.279e+07 2.279e+07 2.279e+07 2.279e+07 2.279e+07 2.279e+07 2.279e+07 2.279e+07 2.279e+07 2.279e+07 2.279e+07 2.279e+07 2.279e+07 2.279e+07 2.279e+07 2.279e+07 2.279e+07 2.279e+07 2.279e+07 2.279e+07 2.279e+07 2.279e+07 2.279e+07 2.279e+07 2.279e+07 2.279e+07 2.279e+07 2.279e+07
2.278e+07 2.277e+07 2.277e+07 2.276e+07 2.275e+07 2.275e+07 2.274e+07 2.273e+07 2.273e+07 2.272e+07 2.272e+07 2.271e+07 2.270e+07 2.270e+07 2.269e+07 2.268e+07 2.268e+07 2.267e+07 2.267e+07 2.266e+07 2.265e+07 2.265e+07 2.264e+07 2.263e+07 2.263e+07 2.262e+07 2.261e+07 2.261e+07 2.260e+07 2.260e+07
2.258e+07 2.257e+07 2.256e+07 2.255e+07 2.253e+07 2.252e+07 2.251e+07 2.249e+07 2.248e+07 2.247e+07 2.246e+07 2.244e+07 2.243e+07 2.242e+07 2.241e+07 2.239e+07 2.238e+07 2.237e+07 2.236e+07 2.234e+07 2.233e+07 2.232e+07 2.230e+07 2.229e+07 2.228e+07 2.227e+07 2.225e+07 2.224e+07 2.223e+07 2.222e+07
2.220e+07 2.218e+07 2.216e+07 2.214e+07 2.212e+07 2.210e+07 2.208e+07 2.206e+07 2.205e+07 2.203e+07 2.201e+07 2.199e+07 2.197e+07 2.195e+07 2.193e+07 2.191e+07 2.189e+07 2.187e+07 2.186e+07 2.184e+07 2.182e+07 2.180e+07 2.178e+07 2.176e+07 2.174e+07 2.172e+07 2.170e+07 2.168e+07 2.167e+07 2.165e+07
2.162e+07 2.160e+07 2.157e+07 2.155e+07 2.152e+07 2.149e+07 2.147e+07 2.144e+07 2.142e+07 2.139e+07 2.137e+07 2.134e+07 2.132e+07 2.129e+07 2.127e+07 2.124e+07 2.122e+07 2.119e+07 2.117e+07 2.114e+07 2.111e+07 2.109e+07 2.106e+07 2.104e+07 2.101e+07 2.099e+07 2.096e+07 2.094e+07 2.091e+07 2.089e+07
2.086e+07 2.082e+07 2.079e+07 2.076e+07 2.073e+07 2.070e+07 2.067e+07 2.063e+07 2.060e+07 2.057e+07 2.054e+07 2.051e+07 2.048e+07 2.044e+07 2.041e+07 2.038e+07 2.035e+07 2.032e+07 2.029e+07 2.025e+07 2.022e+07 2.019e+07 2.016e+07 2.013e+07 2.010e+07 2.006e+07 2.003e+07 2.000e+07 1.997e+07 1.994e+07
1.990e+07 1.986e+07 1.982e+07 1.979e+07 1.975e+07 1.971e+07 1.967e+07 1.963e+07 1.960e+07 1.956e+07 1.952e+07 1.948e+07 1.944e+07 1.941e+07 1.937e+07 1.933e+07 1.929e+07 1.925e+07 1.922e+07 1.918e+07 1.914e+07 1.910e+07 1.906e+07 1.903e+07 1.899e+07 1.895e+07 1.891e+07 1.887e+07 1.884e+07 1.880e+07
1.875e+07 1.871e+07 1.867e+07 1.862e+07 1.858e+07 1.853e+07 1.849e+07 1.844e+07 1.840e+07 1.836e+07 1.831e+07 1.827e+07 1.822e+07 1.818e+07 1.813e+07 1.809e+07 1.805e+07 1.800e+07 1.796e+07 1.791e+07 1.787e+07 1.782e+07 1.778e+07 1.774e+07 1.769e+07 1.765e+07 1.760e+07 1.756e+07 1.751e+07 1.747e+07
1.742e+07 1.737e+07 1.732e+07 1.727e+07 1.722e+07 1.717e+07 1.712e+07 1.706e+07 1.701e+07 1.696e+07 1.691e+07 1.686e+07 1.681e+07 1.676e+07 1.671e+07 1.666e+07 1.661e+07 1.656e+07 1.651e+07 1.646e+07 1.641e+07 1.636e+07 1.631e+07 1.625e+07 1.620e+07 1.615e+07 1.610e+07 1.605e+07 1.600e+07 1.595e+07
1.589e+07 1.584e+07 1.578e+07 1.572e+07 1.567e+07 1.561e+07 1.555e+07 1.550e+07 1.544e+07 1.538e+07 1.532e+07 1.527e+07 1.521e+07 1.515e+07 1.510e+07 1.504e+07 1.498e+07 1.493e+07 1.487e+07 1.481e+07 1.475e+07 1.470e+07 1.464e+07 1.458e+07 1.453e+07 1.447e+07 1.441e+07 1.436e+07 1.430e+07 1.424e+07
1.418e+07 1.412e+07 1.405e+07 1.399e+07 1.393e+07 1.386e+07 1.380e+07 1.374e+07 1.367e+07 1.361e+07 1.355e+07 1.348e+07 1.342e+07 1.336e+07 1.329e+07 1.323e+07 1.317e+07 1.310e+07 1.304e+07 1.298e+07 1.291e+07 1.285e+07 1.279e+07 1.272e+07 1.266e+07 1.260e+07 1.253e+07 1.247e+07 1.241e+07 1.234e+07
1.227e+07 1.220e+07 1.213e+07 1.207e+07 1.200e+07 1.193e+07 1.186e+07 1.179e+07 1.172e+07 1.165e+07 1.158e+07 1.151e+07 1.144e+07 1.137e+07 1.130e+07 1.123e+07 1.116e+07 1.109e+07 1.102e+07 1.095e+07 1.088e+07 1.081e+07 1.074e+07 1.067e+07 1.060e+07 1.053e+07 1.046e+07 1.039e+07 1.032e+07 1.026e+07
1.018e+07 1.010e+07 1.003e+07 9.951e+06 9.876e+06 9.800e+06 9.724e+06 9.648e+06 9.572e+06 9.496e+06 9.420e+06 9.344e+06 9.268e+06 9.192e+06 9.116e+06 9.040e+06 8.964e+06 8.888e+06 8.812e+06 8.736e+06 8.660e+06 8.585e+06 8.509e+06 8.433e+06 8.357e+06 8.281e+06 8.205e+06 8.129e+06 8.053e+06 7.977e+06
7.895e+06 7.812e+06 7.730e+06 7.648e+06 7.566e+06 7.483e+06 7.401e+06 7.319e+06 7.237e+06 7.154e+06 7.072e+06 6.990e+06 6.907e+06 6.825e+06 6.743e+06 6.661e+06 6.578e+06 6.496e+06 6.414e+06 6.332e+06 6.249e+06 6.167e+06 6.085e+06 6.003e+06 5.920e+06 5.838e+06 5.756e+06 5.673e+06 5.591e+06 5.509e+06
5.420e+06 5.332e+06 5.243e+06 5.155e+06 5.066e+06 4.977e+06 4.889e+06 4.800e+06 4.712e+06 4.623e+06 4.534e+06 4.446e+06 4.357e+06 4.269e+06 4.180e+06 4.091e+06 4.003e+06 3.914e+06 3.826e+06 3.737e+06 3.648e+06 3.560e+06 3.471e+06 3.383e+06 3.294e+06 3.205e+06 3.117e+06 3.028e+06 2.940e+06 2.851e+06
2.756e+06 2.661e+06 2.566e+06 2.471e+06 2.376e+06 2.281e+06 2.186e+06 2.092e+06 1.997e+06 1.902e+06 1.807e+06 1.712e+06 1.617e+06 1.522e+06 1.427e+06 1.332e+06 1.237e+06 1.142e+06 1.047e+06 9.524e+05 8.575e+05 7.626e+05 6.676e+05 5.727e+05 4.778e+05 3.829e+05 2.879e+05 1.930e+05 9.811e+04 1.832e+04
9.083e+04 1.794e+05 2.679e+05 3.564e+05 4.450e+05 5.335e+05 6.220e+05 7.106e+05 7.991e+05 8.877e+05 9.762e+05 1.065e+06 1.153e+06 1.242e+06 1.330e+06 1.419e+06 1.507e+06 1.596e+06 1.684e+06 1.773e+06 1.862e+06 1.950e+06 2.039e+06 2.127e+06 2.216e+06 2.304e+06 2.393e+06 2.481e+06 2.570e+06 2.658e+06
2.752e+06 2.847e+06 2.941e+06 3.035e+06 3.129e+06 3.223e+06 3.317e+06 3.411e+06 3.505e+06 3.599e+06 3.693e+06 3.787e+06 3.881e+06 3.975e+06 4.069e+06 4.164e+06 4.258e+06 4.352e+06 4.446e+06 4.540e+06 4.634e+06 4.728e+06 4.822e+06 4.916e+06 5.010e+06 5.104e+06 5.198e+06 5.292e+06 5.386e+06 5.481e+06
5.580e+06 5.680e+06 5.779e+06 5.879e+06 5.979e+06 6.078e+06 6.178e+06 6.277e+06 6.377e+06 6.477e+06 6.576e+06 6.676e+06 6.775e+06 6.875e+06 6.975e+06 7.074e+06 7.174e+06 7.273e+06 7.373e+06 7.473e+06 7.572e+06 7.672e+06 7.771e+06 7.871e+06 7.971e+06 8.070e+06 8.170e+06 8.269e+06 8.369e+06 8.469e+06
8.574e+06 8.679e+06 8.784e+06 8.889e+06 8.994e+06 9.100e+06 9.205e+06 9.310e+06 9.415e+06 9.520e+06 9.625e+06 9.730e+06 9.835e+06 9.941e+06 1.005e+07 1.015e+07 1.026e+07 1.036e+07 1.047e+07 1.057e+07 1.068e+07 1.078e+07 1.089e+07 1.099e+07 1.110e+07 1.120e+07 1.131e+07 1.141e+07 1.152e+07 1.162e+07
