2.702e+05 2.708e+05 2.708e+05 2.708e+05 2.708e+05 2.708e+05 2.708e+05 2.708e+05 2.708e+05 2.708e+05 2.708e+05 2.708e+05 2.708e+05 2.708e+05 2.708e+05 2.708e+05 2.708e+05 2.708e+05 2.708e+05 2.836e+05 1.116e+06 1.988e+06 2.078e+06 2.169e+06 2.259e+06 2.349e+06 2.439e+06 2.530e+06 2.620e+06 2.710e+06
2.794e+06 2.879e+06 2.963e+06 3.047e+06 3.131e+06 3.216e+06 3.300e+06 3.384e+06 3.468e+06 3.553e+06 3.637e+06 3.721e+06 3.805e+06 3.890e+06 3.974e+06 4.058e+06 4.142e+06 4.227e+06 4.311e+06 4.395e+06 4.479e+06 4.564e+06 4.648e+06 4.732e+06 4.816e+06 4.901e+06 4.985e+06 5.069e+06 5.153e+06 5.238e+06
5.316e+06 5.394e+06 5.472e+06 5.550e+06 5.629e+06 5.707e+06 5.785e+06 5.863e+06 5.942e+06 6.020e+06 6.098e+06 6.176e+06 6.254e+06 6.333e+06 6.411e+06 6.489e+06 6.567e+06 6.646e+06 6.724e+06 6.802e+06 6.880e+06 6.958e+06 7.037e+06 7.115e+06 7.193e+06 7.271e+06 7.350e+06 7.428e+06 7.506e+06 7.584e+06
7.657e+06 7.729e+06 7.801e+06 7.873e+06 7.945e+06 8.018e+06 8.090e+06 8.162e+06 8.234e+06 8.306e+06 8.379e+06 8.451e+06 8.523e+06 8.595e+06 8.667e+06 8.740e+06 8.812e+06 8.884e+06 8.956e+06 9.028e+06 9.101e+06 9.173e+06 9.245e+06 9.317e+06 9.389e+06 9.462e+06 9.534e+06 9.606e+06 9.678e+06 9.751e+06
9.817e+06 9.883e+06 9.949e+06 1.002e+07 1.008e+07 1.015e+07 1.021e+07 1.028e+07 1.035e+07 1.041e+07 1.048e+07 1.054e+07 1.061e+07 1.068e+07 1.074e+07 1.081e+07 1.088e+07 1.094e+07 1.101e+07 1.107e+07 1.114e+07 1.121e+07 1.127e+07 1.134e+07 1.141e+07 1.147e+07 1.154e+07 1.160e+07 1.167e+07 1.174e+07
1.180e+07 1.186e+07 1.192e+07 1.198e+07 1.204e+07 1.210e+07 1.216e+07 1.222e+07 1.228e+07 1.234e+07 1.240e+07 1.246e+07 1.252e+07 1.258e+07 1.264e+07 1.270e+07 1.276e+07 1.282e+07 1.288e+07 1.294e+07 1.300e+07 1.306e+07 1.312e+07 1.318e+07 1.324e+07 1.330e+07 1.336e+07 1.342e+07 1.348e+07 1.354e+07
1.360e+07 1.365e+07 1.370e+07 1.376e+07 1.381e+07 1.387e+07 1.392e+07 1.397e+07 1.403e+07 1.408e+07 1.414e+07 1.419e+07 1.425e+07 1.430e+07 1.435e+07 1.441e+07 1.446e+07 1.452e+07 1.457e+07 1.462e+07 1.468e+07 1.473e+07 1.479e+07 1.484e+07 1.490e+07 1.495e+07 1.500e+07 1.506e+07 1.511e+07 1.517e+07
1.521e+07 1.526e+07 1.531e+07 1.536e+07 1.541e+07 1.545e+07 1.550e+07 1.555e+07 1.560e+07 1.565e+07 1.570e+07 1.574e+07 1.579e+07 1.584e+07 1.589e+07 1.594e+07 1.598e+07 1.603e+07 1.608e+07 1.613e+07 1.618e+07 1.623e+07 1.627e+07 1.632e+07 1.637e+07 1.642e+07 1.647e+07 1.651e+07 1.656e+07 1.661e+07
1.665e+07 1.669e+07 1.674e+07 1.678e+07 1.682e+07 1.686e+07 1.691e+07 1.695e+07 1.699e+07 1.703e+07 1.707e+07 1.712e+07 1.716e+07 1.720e+07 1.724e+07 1.728e+07 1.733e+07 1.737e+07 1.741e+07 1.745e+07 1.749e+07 1.754e+07 1.758e+07 1.762e+07 1.766e+07 1.771e+07 1.775e+07 1.779e+07 1.783e+07 1.787e+07
1.791e+07 1.795e+07 1.798e+07 1.802e+07 1.805e+07 1.809e+07 1.813e+07 1.816e+07 1.820e+07 1.823e+07 1.827e+07 1.831e+07 1.834e+07 1.838e+07 1.842e+07 1.845e+07 1.849e+07 1.852e+07 1.856e+07 1.860e+07 1.863e+07 1.867e+07 1.870e+07 1.874e+07 1.878e+07 1.881e+07 1.885e+07 1.888e+07 1.892e+07 1.896e+07
1.899e+07 1.902e+07 1.905e+07 1.908e+07 1.911e+07 1.914e+07 1.917e+07 1.920e+07 1.923e+07 1.926e+07 1.929e+07 1.932e+07 1.935e+07 1.938e+07 1.941e+07 1.944e+07 1.947e+07 1.950e+07 1.953e+07 1.956e+07 1.959e+07 1.962e+07 1.965e+07 1.968e+07 1.971e+07 1.974e+07 1.977e+07 1.980e+07 1.983e+07 1.986e+07
1.988e+07 1.991e+07 1.993e+07 1.996e+07 1.998e+07 2.000e+07 2.003e+07 2.005e+07 2.008e+07 2.010e+07 2.012e+07 2.015e+07 2.017e+07 2.020e+07 2.022e+07 2.024e+07 2.027e+07 2.029e+07 2.032e+07 2.034e+07 2.036e+07 2.039e+07 2.041e+07 2.044e+07 2.046e+07 2.049e+07 2.051e+07 2.053e+07 2.056e+07 2.058e+07
2.060e+07 2.062e+07 2.064e+07 2.065e+07 2.067e+07 2.069e+07 2.071e+07 2.073e+07 2.074e+07 2.076e+07 2.078e+07 2.080e+07 2.082e+07 2.083e+07 2.085e+07 2.087e+07 2.089e+07 2.091e+07 2.092e+07 2.094e+07 2.096e+07 2.098e+07 2.100e+07 2.101e+07 2.103e+07 2.105e+07 2.107e+07 2.109e+07 2.111e+07 2.112e+07
2.114e+07 2.115e+07 2.116e+07 2.117e+07 2.118e+07 2.120e+07 2.121e+07 2.122e+07 2.123e+07 2.124e+07 2.126e+07 2.127e+07 2.128e+07 2.129e+07 2.130e+07 2.132e+07 2.133e+07 2.134e+07 2.135e+07 2.136e+07 2.138e+07 2.139e+07 2.140e+07 2.141e+07 2.142e+07 2.144e+07 2.145e+07 2.146e+07 2.147e+07 2.148e+07
2.149e+07 2.150e+07 2.150e+07 2.151e+07 2.151e+07 2.152e+07 2.153e+07 2.153e+07 2.154e+07 2.154e+07 2.155e+07 2.156e+07 2.156e+07 2.157e+07 2.157e+07 2.158e+07 2.159e+07 2.159e+07 2.160e+07 2.160e+07 2.161e+07 2.162e+07 2.162e+07 2.163e+07 2.163e+07 2.164e+07 2.165e+07 2.165e+07 2.166e+07 2.166e+07
2.166e+07 2.166e+07 2.166e+07 2.166e+07 2.166e+07 2.166e+07 2.166e+07 2.166e+07 2.166e+07 2.166e+07 2.166e+07 2.166e+07 2.166e+07 2.166e+07 2.166e+07 2.166e+07 2.166e+07 2.166e+07 2.166e+07 2.166e+07 2.166e+07 2.166e+07 2.166e+07 2.166e+07 2.166e+07 2.166e+07 2.166e+07 2.166e+07 2.166e+07 2.166e+07
2.166e+07 2.165e+07 2.165e+07 2.164e+07 2.163e+07 2.163e+07 2.162e+07 2.162e+07 2.161e+07 2.160e+07 2.160e+07 2.159e+07 2.159e+07 2.158e+07 2.157e+07 2.157e+07 2.156e+07 2.156e+07 2.155e+07 2.154e+07 2.154e+07 2.153e+07 2.153e+07 2.152e+07 2.151e+07 2.151e+07 2.150e+07 2.150e+07 2.149e+07 2.148e+07
2.147e+07 2.146e+07 2.145e+07 2.144e+07 2.142e+07 2.141e+07 2.140e+07 2.139e+07 2.138e+07 2.136e+07 2.135e+07 2.134e+07 2.133e+07 2.132e+07 2.130e+07 2.129e+07 2.128e+07 2.127e+07 2.126e+07 2.124e+07 2.123e+07 2.122e+07 2.121e+07 2.120e+07 2.118e+07 2.117e+07 2.116e+07 2.115e+07 2.114e+07 2.112e+07
2.111e+07 2.109e+07 2.107e+07 2.105e+07 2.103e+07 2.101e+07 2.100e+07 2.098e+07 2.096e+07 2.094e+07 2.092e+07 2.091e+07 2.089e+07 2.087e+07 2.085e+07 2.083e+07 2.082e+07 2.080e+07 2.078e+07 2.076e+07 2.074e+07 2.073e+07 2.071e+07 2.069e+07 2.067e+07 2.065e+07 2.064e+07 2.062e+07 2.060e+07 2.058e+07
2.056e+07 2.053e+07 2.051e+07 2.049e+07 2.046e+07 2.044e+07 2.041e+07 2.039e+07 2.036e+07 2.034e+07 2.032e+07 2.029e+07 2.027e+07 2.024e+07 2.022e+07 2.020e+07 2.017e+07 2.015e+07 2.012e+07 2.010e+07 2.008e+07 2.005e+07 2.003e+07 2.000e+07 1.998e+07 1.996e+07 1.993e+07 1.991e+07 1.988e+07 1.986e+07
1.983e+07 1.980e+07 1.977e+07 1.974e+07 1.971e+07 1.968e+07 1.965e+07 1.962e+07 1.959e+07 1.956e+07 1.953e+07 1.950e+07 1.947e+07 1.944e+07 1.941e+07 1.938e+07 1.935e+07 1.932e+07 1.929e+07 1.926e+07 1.923e+07 1.920e+07 1.917e+07 1.914e+07 1.911e+07 1.908e+07 1.905e+07 1.902e+07 1.899e+07 1.896e+07
1.892e+07 1.888e+07 1.885e+07 1.881e+07 1.878e+07 1.874e+07 1.870e+07 1.867e+07 1.863e+07 1.860e+07 1.856e+07 1.852e+07 1.849e+07 1.845e+07 1.842e+07 1.838e+07 1.834e+07 1.831e+07 1.827e+07 1.823e+07 1.820e+07 1.816e+07 1.813e+07 1.809e+07 1.805e+07 1.802e+07 1.798e+07 1.795e+07 1.791e+07 1.787e+07
1.783e+07 1.779e+07 1.775e+07 1.771e+07 1.766e+07 1.762e+07 1.758e+07 1.754e+07 1.749e+07 1.745e+07 1.741e+07 1.737e+07 1.733e+07 1.728e+07 1.724e+07 1.720e+07 1.716e+07 1.712e+07 1.707e+07 1.703e+07 1.699e+07 1.695e+07 1.691e+07 1.686e+07 1.682e+07 1.678e+07 1.674e+07 1.669e+07 1.665e+07 1.661e+07
1.656e+07 1.651e+07 1.647e+07 1.642e+07 1.637e+07 1.632e+07 1.627e+07 1.623e+07 1.618e+07 1.613e+07 1.608e+07 1.603e+07 1.598e+07 1.594e+07 1.589e+07 1.584e+07 1.579e+07 1.574e+07 1.570e+07 1.565e+07 1.560e+07 1.555e+07 1.550e+07 1.545e+07 1.541e+07 1.536e+07 1.531e+07 1.526e+07 1.521e+07 1.517e+07
1.511e+07 1.506e+07 1.500e+07 1.495e+07 1.490e+07 1.484e+07 1.479e+07 1.473e+07 1.468e+07 1.462e+07 1.457e+07 1.452e+07 1.446e+07 1.441e+07 1.435e+07 1.430e+07 1.425e+07 1.419e+07 1.414e+07 1.408e+07 1.403e+07 1.397e+07 1.392e+07 1.387e+07 1.381e+07 1.376e+07 1.370e+07 1.365e+07 1.360e+07 1.354e+07
1.348e+07 1.342e+07 1.336e+07 1.330e+07 1.324e+07 1.318e+07 1.312e+07 1.306e+07 1.300e+07 1.294e+07 1.288e+07 1.282e+07 1.276e+07 1.270e+07 1.264e+07 1.258e+07 1.252e+07 1.246e+07 1.240e+07 1.234e+07 1.228e+07 1.222e+07 1.216e+07 1.210e+07 1.204e+07 1.198e+07 1.192e+07 1.186e+07 1.180e+07 1.174e+07
1.167e+07 1.160e+07 1.154e+07 1.147e+07 1.141e+07 1.134e+07 1.127e+07 1.121e+07 1.114e+07 1.107e+07 1.101e+07 1.094e+07 1.088e+07 1.081e+07 1.074e+07 1.068e+07 1.061e+07 1.054e+07 1.048e+07 1.041e+07 1.035e+07 1.028e+07 1.021e+07 1.015e+07 1.008e+07 1.002e+07 9.949e+06 9.883e+06 9.817e+06 9.751e+06
9.678e+06 9.606e+06 9.534e+06 9.462e+06 9.390e+06 9.317e+06 9.245e+06 9.173e+06 9.101e+06 9.029e+06 8.956e+06 8.884e+06 8.812e+06 8.740e+06 8.667e+06 8.595e+06 8.523e+06 8.451e+06 8.379e+06 8.306e+06 8.234e+06 8.162e+06 8.090e+06 8.018e+06 7.945e+06 7.873e+06 7.801e+06 7.729e+06 7.657e+06 7.584e+06
7.506e+06 7.428e+06 7.350e+06 7.271e+06 7.193e+06 7.115e+06 7.037e+06 6.959e+06 6.880e+06 6.802e+06 6.724e+06 6.646e+06 6.567e+06 6.489e+06 6.411e+06 6.333e+06 6.255e+06 6.176e+06 6.098e+06 6.020e+06 5.942e+06 5.863e+06 5.785e+06 5.707e+06 5.629e+06 5.551e+06 5.472e+06 5.394e+06 5.316e+06 5.238e+06
5.153e+06 5.069e+06 4.985e+06 4.901e+06 4.816e+06 4.732e+06 4.648e+06 4.564e+06 4.479e+06 4.395e+06 4.311e+06 4.227e+06 4.143e+06 4.058e+06 3.974e+06 3.890e+06 3.806e+06 3.721e+06 3.637e+06 3.553e+06 3.469e+06 3.384e+06 3.300e+06 3.216e+06 3.132e+06 3.047e+06 2.963e+06 2.879e+06 2.795e+06 2.710e+06
2.620e+06 2.530e+06 2.440e+06 2.349e+06 2.259e+06 2.169e+06 2.079e+06 1.988e+06 1.898e+06 1.808e+06 1.718e+06 1.627e+06 1.537e+06 1.447e+06 1.357e+06 1.266e+06 1.176e+06 1.086e+06 9.955e+05 9.053e+05 8.150e+05 7.247e+05 6.345e+05 5.442e+05 4.540e+05 3.637e+05 2.734e+05 1.832e+05 9.300e+04 1.620e+04
7.654e+04 1.503e+05 2.240e+05 2.977e+05 3.715e+05 4.452e+05 5.190e+05 5.927e+05 6.664e+05 7.402e+05 8.139e+05 8.877e+05 9.614e+05 1.035e+06 1.109e+06 1.183e+06 1.256e+06 1.330e+06 1.404e+06 1.478e+06 1.551e+06 1.625e+06 1.699e+06 1.773e+06 1.846e+06 1.920e+06 1.994e+06 2.068e+06 2.141e+06 2.215e+06
2.293e+06 2.372e+06 2.450e+06 2.528e+06 2.607e+06 2.685e+06 2.763e+06 2.842e+06 2.920e+06 2.999e+06 3.077e+06 3.155e+06 3.234e+06 3.312e+06 3.390e+06 3.469e+06 3.547e+06 3.625e+06 3.704e+06 3.782e+06 3.860e+06 3.939e+06 4.017e+06 4.095e+06 4.174e+06 4.252e+06 4.330e+06 4.409e+06 4.487e+06 4.566e+06
4.648e+06 4.731e+06 4.814e+06 4.897e+06 4.980e+06 5.063e+06 5.146e+06 5.229e+06 5.312e+06 5.395e+06 5.478e+06 5.561e+06 5.644e+06 5.727e+06 5.810e+06 5.893e+06 5.976e+06 6.059e+06 6.142e+06 6.225e+06 6.308e+06 6.391e+06 6.474e+06 6.557e+06 6.640e+06 6.722e+06 6.805e+06 6.888e+06 6.971e+06 7.054e+06
7.142e+06 7.229e+06 7.317e+06 7.405e+06 7.492e+06 7.580e+06 7.667e+06 7.755e+06 7.842e+06 7.930e+06 8.018e+06 8.105e+06 8.193e+06 8.280e+06 8.368e+06 8.455e+06 8.543e+06 8.631e+06 8.718e+06 8.806e+06 8.893e+06 8.981e+06 9.068e+06 9.156e+06 9.244e+06 9.331e+06 9.419e+06 9.506e+06 9.594e+06 9.681e+06
