3.683e+05 3.703e+05 3.703e+05 3.703e+05 3.703e+05 3.703e+05 3.703e+05 3.703e+05 3.703e+05 3.703e+05 3.703e+05 3.703e+05 3.703e+05 3.703e+05 3.703e+05 3.703e+05 3.703e+05 3.703e+05 3.703e+05 3.832e+05 1.455e+06 2.582e+06 2.706e+06 2.824e+06 2.941e+06 3.059e+06 3.176e+06 3.294e+06 3.411e+06 3.529e+06
3.638e+06 3.748e+06 3.858e+06 3.967e+06 4.077e+06 4.186e+06 4.296e+06 4.406e+06 4.515e+06 4.625e+06 4.735e+06 4.844e+06 4.954e+06 5.064e+06 5.173e+06 5.283e+06 5.393e+06 5.502e+06 5.612e+06 5.721e+06 5.831e+06 5.941e+06 6.050e+06 6.160e+06 6.270e+06 6.379e+06 6.489e+06 6.599e+06 6.708e+06 6.818e+06
6.920e+06 7.022e+06 7.123e+06 7.225e+06 7.327e+06 7.429e+06 7.531e+06 7.632e+06 7.734e+06 7.836e+06 7.938e+06 8.040e+06 8.141e+06 8.243e+06 8.345e+06 8.447e+06 8.549e+06 8.651e+06 8.752e+06 8.854e+06 8.956e+06 9.058e+06 9.160e+06 9.261e+06 9.363e+06 9.465e+06 9.567e+06 9.669e+06 9.770e+06 9.872e+06
9.966e+06 1.006e+07 1.015e+07 1.025e+07 1.034e+07 1.044e+07 1.053e+07 1.062e+07 1.072e+07 1.081e+07 1.091e+07 1.100e+07 1.109e+07 1.119e+07 1.128e+07 1.138e+07 1.147e+07 1.156e+07 1.166e+07 1.175e+07 1.185e+07 1.194e+07 1.203e+07 1.213e+07 1.222e+07 1.232e+07 1.241e+07 1.250e+07 1.260e+07 1.269e+07
1.278e+07 1.286e+07 1.295e+07 1.304e+07 1.312e+07 1.321e+07 1.329e+07 1.338e+07 1.347e+07 1.355e+07 1.364e+07 1.373e+07 1.381e+07 1.390e+07 1.398e+07 1.407e+07 1.416e+07 1.424e+07 1.433e+07 1.441e+07 1.450e+07 1.459e+07 1.467e+07 1.476e+07 1.485e+07 1.493e+07 1.502e+07 1.510e+07 1.519e+07 1.528e+07
1.535e+07 1.543e+07 1.551e+07 1.559e+07 1.567e+07 1.575e+07 1.582e+07 1.590e+07 1.598e+07 1.606e+07 1.614e+07 1.622e+07 1.629e+07 1.637e+07 1.645e+07 1.653e+07 1.661e+07 1.669e+07 1.676e+07 1.684e+07 1.692e+07 1.700e+07 1.708e+07 1.716e+07 1.723e+07 1.731e+07 1.739e+07 1.747e+07 1.755e+07 1.763e+07
1.770e+07 1.777e+07 1.784e+07 1.791e+07 1.798e+07 1.805e+07 1.812e+07 1.819e+07 1.826e+07 1.833e+07 1.840e+07 1.847e+07 1.854e+07 1.861e+07 1.868e+07 1.875e+07 1.882e+07 1.889e+07 1.896e+07 1.904e+07 1.911e+07 1.918e+07 1.925e+07 1.932e+07 1.939e+07 1.946e+07 1.953e+07 1.960e+07 1.967e+07 1.974e+07
1.980e+07 1.987e+07 1.993e+07 1.999e+07 2.005e+07 2.012e+07 2.018e+07 2.024e+07 2.030e+07 2.037e+07 2.043e+07 2.049e+07 2.055e+07 2.062e+07 2.068e+07 2.074e+07 2.081e+07 2.087e+07 2.093e+07 2.099e+07 2.106e+07 2.112e+07 2.118e+07 2.124e+07 2.131e+07 2.137e+07 2.143e+07 2.149e+07 2.156e+07 2.162e+07
2.167e+07 2.173e+07 2.178e+07 2.184e+07 2.189e+07 2.195e+07 2.200e+07 2.206e+07 2.211e+07 2.217e+07 2.222e+07 2.228e+07 2.233e+07 2.239e+07 2.244e+07 2.250e+07 2.255e+07 2.261e+07 2.266e+07 2.272e+07 2.277e+07 2.283e+07 2.288e+07 2.294e+07 2.299e+07 2.305e+07 2.310e+07 2.315e+07 2.321e+07 2.326e+07
2.331e+07 2.336e+07 2.341e+07 2.345e+07 2.350e+07 2.355e+07 2.359e+07 2.364e+07 2.369e+07 2.373e+07 2.378e+07 2.383e+07 2.388e+07 2.392e+07 2.397e+07 2.402e+07 2.406e+07 2.411e+07 2.416e+07 2.420e+07 2.425e+07 2.430e+07 2.435e+07 2.439e+07 2.444e+07 2.449e+07 2.453e+07 2.458e+07 2.463e+07 2.467e+07
2.471e+07 2.475e+07 2.479e+07 2.483e+07 2.487e+07 2.491e+07 2.495e+07 2.499e+07 2.503e+07 2.507e+07 2.510e+07 2.514e+07 2.518e+07 2.522e+07 2.526e+07 2.530e+07 2.534e+07 2.538e+07 2.542e+07 2.546e+07 2.550e+07 2.554e+07 2.557e+07 2.561e+07 2.565e+07 2.569e+07 2.573e+07 2.577e+07 2.581e+07 2.585e+07
2.588e+07 2.591e+07 2.594e+07 2.597e+07 2.601e+07 2.604e+07 2.607e+07 2.610e+07 2.613e+07 2.616e+07 2.619e+07 2.622e+07 2.626e+07 2.629e+07 2.632e+07 2.635e+07 2.638e+07 2.641e+07 2.644e+07 2.648e+07 2.651e+07 2.654e+07 2.657e+07 2.660e+07 2.663e+07 2.666e+07 2.669e+07 2.673e+07 2.676e+07 2.679e+07
2.681e+07 2.684e+07 2.686e+07 2.688e+07 2.691e+07 2.693e+07 2.695e+07 2.698e+07 2.700e+07 2.702e+07 2.705e+07 2.707e+07 2.709e+07 2.712e+07 2.714e+07 2.716e+07 2.719e+07 2.721e+07 2.724e+07 2.726e+07 2.728e+07 2.731e+07 2.733e+07 2.735e+07 2.738e+07 2.740e+07 2.742e+07 2.745e+07 2.747e+07 2.749e+07
2.751e+07 2.752e+07 2.754e+07 2.756e+07 2.757e+07 2.759e+07 2.760e+07 2.762e+07 2.763e+07 2.765e+07 2.767e+07 2.768e+07 2.770e+07 2.771e+07 2.773e+07 2.774e+07 2.776e+07 2.778e+07 2.779e+07 2.781e+07 2.782e+07 2.784e+07 2.785e+07 2.787e+07 2.789e+07 2.790e+07 2.792e+07 2.793e+07 2.795e+07 2.796e+07
2.797e+07 2.798e+07 2.799e+07 2.799e+07 2.800e+07 2.801e+07 2.802e+07 2.803e+07 2.803e+07 2.804e+07 2.805e+07 2.806e+07 2.807e+07 2.807e+07 2.808e+07 2.809e+07 2.810e+07 2.810e+07 2.811e+07 2.812e+07 2.813e+07 2.814e+07 2.814e+07 2.815e+07 2.816e+07 2.817e+07 2.817e+07 2.818e+07 2.819e+07 2.820e+07
2.820e+07 2.820e+07 2.820e+07 2.820e+07 2.820e+07 2.820e+07 2.820e+07 2.820e+07 2.820e+07 2.820e+07 2.820e+07 2.820e+07 2.820e+07 2.820e+07 2.820e+07 2.820e+07 2.820e+07 2.820e+07 2.820e+07 2.820e+07 2.820e+07 2.820e+07 2.820e+07 2.820e+07 2.820e+07 2.820e+07 2.820e+07 2.820e+07 2.820e+07 2.820e+07
2.819e+07 2.818e+07 2.817e+07 2.817e+07 2.816e+07 2.815e+07 2.814e+07 2.814e+07 2.813e+07 2.812e+07 2.811e+07 2.810e+07 2.810e+07 2.809e+07 2.808e+07 2.807e+07 2.807e+07 2.806e+07 2.805e+07 2.804e+07 2.803e+07 2.803e+07 2.802e+07 2.801e+07 2.800e+07 2.799e+07 2.799e+07 2.798e+07 2.797e+07 2.796e+07
2.795e+07 2.793e+07 2.792e+07 2.790e+07 2.789e+07 2.787e+07 2.785e+07 2.784e+07 2.782e+07 2.781e+07 2.779e+07 2.778e+07 2.776e+07 2.774e+07 2.773e+07 2.771e+07 2.770e+07 2.768e+07 2.767e+07 2.765e+07 2.763e+07 2.762e+07 2.760e+07 2.759e+07 2.757e+07 2.756e+07 2.754e+07 2.752e+07 2.751e+07 2.749e+07
2.747e+07 2.745e+07 2.742e+07 2.740e+07 2.738e+07 2.735e+07 2.733e+07 2.731e+07 2.728e+07 2.726e+07 2.724e+07 2.721e+07 2.719e+07 2.716e+07 2.714e+07 2.712e+07 2.709e+07 2.707e+07 2.705e+07 2.702e+07 2.700e+07 2.698e+07 2.695e+07 2.693e+07 2.691e+07 2.688e+07 2.686e+07 2.684e+07 2.681e+07 2.679e+07
2.676e+07 2.673e+07 2.669e+07 2.666e+07 2.663e+07 2.660e+07 2.657e+07 2.654e+07 2.651e+07 2.648e+07 2.644e+07 2.641e+07 2.638e+07 2.635e+07 2.632e+07 2.629e+07 2.626e+07 2.622e+07 2.619e+07 2.616e+07 2.613e+07 2.610e+07 2.607e+07 2.604e+07 2.601e+07 2.597e+07 2.594e+07 2.591e+07 2.588e+07 2.585e+07
2.581e+07 2.577e+07 2.573e+07 2.569e+07 2.565e+07 2.561e+07 2.557e+07 2.554e+07 2.550e+07 2.546e+07 2.542e+07 2.538e+07 2.534e+07 2.530e+07 2.526e+07 2.522e+07 2.518e+07 2.514e+07 2.510e+07 2.507e+07 2.503e+07 2.499e+07 2.495e+07 2.491e+07 2.487e+07 2.483e+07 2.479e+07 2.475e+07 2.471e+07 2.467e+07
2.463e+07 2.458e+07 2.453e+07 2.449e+07 2.444e+07 2.439e+07 2.435e+07 2.430e+07 2.425e+07 2.420e+07 2.416e+07 2.411e+07 2.406e+07 2.402e+07 2.397e+07 2.392e+07 2.388e+07 2.383e+07 2.378e+07 2.373e+07 2.369e+07 2.364e+07 2.359e+07 2.355e+07 2.350e+07 2.345e+07 2.341e+07 2.336e+07 2.331e+07 2.326e+07
2.321e+07 2.315e+07 2.310e+07 2.305e+07 2.299e+07 2.294e+07 2.288e+07 2.283e+07 2.277e+07 2.272e+07 2.266e+07 2.261e+07 2.255e+07 2.250e+07 2.244e+07 2.239e+07 2.233e+07 2.228e+07 2.222e+07 2.217e+07 2.211e+07 2.206e+07 2.200e+07 2.195e+07 2.189e+07 2.184e+07 2.178e+07 2.173e+07 2.167e+07 2.162e+07
2.156e+07 2.149e+07 2.143e+07 2.137e+07 2.131e+07 2.124e+07 2.118e+07 2.112e+07 2.106e+07 2.099e+07 2.093e+07 2.087e+07 2.081e+07 2.074e+07 2.068e+07 2.062e+07 2.055e+07 2.049e+07 2.043e+07 2.037e+07 2.030e+07 2.024e+07 2.018e+07 2.012e+07 2.005e+07 1.999e+07 1.993e+07 1.987e+07 1.980e+07 1.974e+07
1.967e+07 1.960e+07 1.953e+07 1.946e+07 1.939e+07 1.932e+07 1.925e+07 1.918e+07 1.911e+07 1.904e+07 1.896e+07 1.889e+07 1.882e+07 1.875e+07 1.868e+07 1.861e+07 1.854e+07 1.847e+07 1.840e+07 1.833e+07 1.826e+07 1.819e+07 1.812e+07 1.805e+07 1.798e+07 1.791e+07 1.784e+07 1.777e+07 1.770e+07 1.763e+07
1.755e+07 1.747e+07 1.739e+07 1.731e+07 1.723e+07 1.716e+07 1.708e+07 1.700e+07 1.692e+07 1.684e+07 1.676e+07 1.669e+07 1.661e+07 1.653e+07 1.645e+07 1.637e+07 1.629e+07 1.622e+07 1.614e+07 1.606e+07 1.598e+07 1.590e+07 1.582e+07 1.575e+07 1.567e+07 1.559e+07 1.551e+07 1.543e+07 1.535e+07 1.528e+07
1.519e+07 1.510e+07 1.502e+07 1.493e+07 1.485e+07 1.476e+07 1.467e+07 1.459e+07 1.450e+07 1.441e+07 1.433e+07 1.424e+07 1.416e+07 1.407e+07 1.398e+07 1.390e+07 1.381e+07 1.373e+07 1.364e+07 1.355e+07 1.347e+07 1.338e+07 1.329e+07 1.321e+07 1.312e+07 1.304e+07 1.295e+07 1.286e+07 1.278e+07 1.269e+07
1.260e+07 1.250e+07 1.241e+07 1.232e+07 1.222e+07 1.213e+07 1.203e+07 1.194e+07 1.185e+07 1.175e+07 1.166e+07 1.156e+07 1.147e+07 1.138e+07 1.128e+07 1.119e+07 1.109e+07 1.100e+07 1.091e+07 1.081e+07 1.072e+07 1.062e+07 1.053e+07 1.044e+07 1.034e+07 1.025e+07 1.015e+07 1.006e+07 9.966e+06 9.872e+06
9.771e+06 9.669e+06 9.567e+06 9.465e+06 9.363e+06 9.261e+06 9.160e+06 9.058e+06 8.956e+06 8.854e+06 8.752e+06 8.651e+06 8.549e+06 8.447e+06 8.345e+06 8.243e+06 8.142e+06 8.040e+06 7.938e+06 7.836e+06 7.734e+06 7.633e+06 7.531e+06 7.429e+06 7.327e+06 7.225e+06 7.123e+06 7.022e+06 6.920e+06 6.818e+06
6.708e+06 6.599e+06 6.489e+06 6.379e+06 6.270e+06 6.160e+06 6.051e+06 5.941e+06 5.831e+06 5.722e+06 5.612e+06 5.502e+06 5.393e+06 5.283e+06 5.173e+06 5.064e+06 4.954e+06 4.844e+06 4.735e+06 4.625e+06 4.516e+06 4.406e+06 4.296e+06 4.187e+06 4.077e+06 3.967e+06 3.858e+06 3.748e+06 3.638e+06 3.529e+06
3.411e+06 3.294e+06 3.176e+06 3.059e+06 2.941e+06 2.824e+06 2.706e+06 2.589e+06 2.471e+06 2.354e+06 2.237e+06 2.119e+06 2.002e+06 1.884e+06 1.767e+06 1.649e+06 1.532e+06 1.414e+06 1.297e+06 1.179e+06 1.062e+06 9.443e+05 8.268e+05 7.093e+05 5.919e+05 4.744e+05 3.569e+05 2.394e+05 1.220e+05 2.276e+04
1.039e+05 2.066e+05 3.094e+05 4.122e+05 5.150e+05 6.177e+05 7.205e+05 8.233e+05 9.261e+05 1.029e+06 1.132e+06 1.234e+06 1.337e+06 1.440e+06 1.543e+06 1.646e+06 1.748e+06 1.851e+06 1.954e+06 2.057e+06 2.159e+06 2.262e+06 2.365e+06 2.468e+06 2.571e+06 2.673e+06 2.776e+06 2.879e+06 2.982e+06 3.084e+06
3.194e+06 3.303e+06 3.412e+06 3.521e+06 3.630e+06 3.740e+06 3.849e+06 3.958e+06 4.067e+06 4.176e+06 4.286e+06 4.395e+06 4.504e+06 4.613e+06 4.722e+06 4.832e+06 4.941e+06 5.050e+06 5.159e+06 5.268e+06 5.378e+06 5.487e+06 5.596e+06 5.705e+06 5.814e+06 5.924e+06 6.033e+06 6.142e+06 6.251e+06 6.360e+06
6.476e+06 6.592e+06 6.707e+06 6.823e+06 6.939e+06 7.054e+06 7.170e+06 7.285e+06 7.401e+06 7.517e+06 7.632e+06 7.748e+06 7.864e+06 7.979e+06 8.095e+06 8.210e+06 8.326e+06 8.442e+06 8.557e+06 8.673e+06 8.789e+06 8.904e+06 9.020e+06 9.135e+06 9.251e+06 9.367e+06 9.482e+06 9.598e+06 9.714e+06 9.829e+06
9.951e+06 1.007e+07 1.020e+07 1.032e+07 1.044e+07 1.056e+07 1.068e+07 1.081e+07 1.093e+07 1.105e+07 1.117e+07 1.129e+07 1.142e+07 1.154e+07 1.166e+07 1.178e+07 1.190e+07 1.203e+07 1.215e+07 1.227e+07 1.239e+07 1.251e+07 1.264e+07 1.276e+07 1.288e+07 1.300e+07 1.312e+07 1.325e+07 1.337e+07 1.349e+07
