Block  0
0.152009999671 9.53431126826
0.151612796294 7.21031202931
0.149826032451 6.23288385581
0.141210339565 4.95634024659
0.146940668298 5.96823372196
0.18690200641 4.79820184653
0.34004946699 6.84763083117
0.395454169279 10.9171793079
0.459397692637 10.4076255217
0.397553971179 10.7760977149
0.373444775034 10.7103335597
0.28294621397 9.34952560294
0.318678521397 8.72140660444
0.292251672365 8.89236823574
0.332267903957 8.85319861745
0.258610208615 10.9188028813
0.252679164159 8.04534043779
0.287640330969 8.45531688111
0.304842844758 12.1642650415
0.271407000647 16.7743787736
0.249779182479 14.607997296
0.205309912084 14.7001642453
0.214371266731 9.32547149264
0.141945905189 7.86912828717
Block  1
0.165116201507 4.97277870008
0.154669841921 4.62940501145
0.150406914735 4.24470776379
0.151683881807 5.0501715456
0.173112680067 3.88688935268
0.18967804301 5.26053267265
0.342190648616 7.12764091127
0.407746784169 10.6179870107
0.477529308001 11.3463236266
0.461112784468 10.0650067382
0.354120262058 9.40843812968
0.319450089998 9.09204959071
0.329188395907 6.50521854821
0.306391644795 8.24878438559
0.305253992603 7.92921905108
0.259120126582 6.19789583972
0.277814614446 5.81510008512
0.312786252895 7.02608415549
0.303145443641 9.44584607116
0.281602627829 14.3041708337
0.292869663844 11.3801027078
0.253567269181 14.3600006741
0.223561714075 11.5880305557
0.131152582895 7.55584938971
Block  2
0.131237342247 4.18205440424
0.155671962794 3.56132471982
0.144560575538 2.43932813701
0.14051633357 1.31906216684
0.149053547425 1.4103942853
0.194550147777 1.60656084852
0.310040255451 3.81206395015
0.312710473122 6.41207653105
0.375002986655 6.72051672121
0.416299939947 6.04972557725
0.321289215505 6.60551725757
0.302304217635 6.10426814942
0.272198457013 7.39135106459
0.279722791349 7.01077857017
0.288008680425 7.21521337453
0.262953151721 6.50505955699
0.236374702538 6.94043047944
0.256131528711 6.83340325167
0.316847218703 8.70952245763
0.243106643266 10.0425080712
0.239217139854 13.0078571394
0.262076324761 12.2544798682
0.190273487381 9.57054363346
0.15336557632 6.09714222895
Block  3
0.166122364539 3.84389015972
0.158762212129 2.84376109404
0.159496206851 2.4525559647
0.148313856399 1.81412415231
0.14857132967 2.1694227435
0.206610745122 1.76901893715
0.333322666496 5.2919575055
0.386957155251 9.24308305491
0.421872777031 9.08938750192
0.433008822081 8.25117094478
0.345851355354 8.10445718355
0.312202754632 6.79202355709
0.278340007904 8.18119871168
0.300343070504 8.34308379677
0.268672961051 5.84805427129
0.270614412033 8.37244151965
0.279347525495 7.43267676144
0.293205456975 6.86036464337
0.309166621743 8.65178066296
0.283832626736 12.5578175508
0.242963454042 13.7082553755
0.23701442994 14.4930579644
0.201461559609 8.12884081527
0.138042891885 5.21518490947
Block  4
0.15974241766 6.11491759225
0.171887055941 3.78928666638
0.129470305476 3.99747818506
0.141 3.45095833646
0.140195435018 4.19822998894
0.193133011161 3.11697433419
0.352323941849 5.89182933901
0.405778264573 9.91887104261
0.400506129791 11.3433368565
0.444076975309 9.2120136105
0.3466653141 9.05435878459
0.300184010234 11.0700843646
0.334198503887 9.5566083942
0.284698085698 11.0867965815
0.237303518727 10.7993712798
0.277942152255 9.63297695419
0.269250812441 8.75543280255
0.279682963371 8.69503389528
0.302499983471 13.5113867253
0.257093057082 15.70872199
0.266699531308 15.4306847081
0.224781137999 12.459191802
0.208515610926 10.4076558283
0.142627346606 6.42041181234
Block  5
0.14275237301 5.79557784522
0.146348761525 3.88691460673
0.159633204566 4.32063521256
0.136979414512 2.62499390475
0.13389921583 2.40039783369
0.165978914323 2.89476678853
0.330535081345 6.53327949808
0.434294093904 12.3720733929
0.418743071584 11.5418376353
0.443698140632 9.16912007992
0.312843986677 6.80464795269
0.304001381576 8.84344001845
0.322231035129 8.86893933906
0.235949147064 11.1493697203
0.258029765725 12.1160322284
0.299715932176 7.20088262368
0.286881508641 6.60415349307
0.281163653412 7.60289591143
0.306313826002 11.751119819
0.288159677957 13.9466156984
0.288533949476 15.2959786872
0.200656522446 15.2062440136
0.201079586234 9.96268875555
0.151158856836 6.75404234811
Block  6
0.181868194031 3.84517153844
0.13654903881 4.00794253452
0.146314729265 3.45142862595
0.153391134033 2.44834576806
0.151618072801 3.03798104668
0.207959707636 2.02640371101
0.379964419387 5.06819543822
0.397084424273 8.64007281451
0.388969150448 8.99287590262
0.478998288097 8.08640518648
0.34666577564 7.93596223781
0.302257439942 11.2237937989
0.280999715302 10.9792479323
0.257139339658 8.12304259253
0.28539628589 7.41135452127
0.255179623011 7.21097342666
0.310647646056 8.12353445244
0.277911424738 8.77870332111
0.316243513767 10.5105452285
0.263736535201 11.2627638331
0.272051759781 12.357513894
0.232678662537 13.9805322588
0.210173357017 8.54417444813
0.133893091681 5.1143996285
Block  7
0.170217390416 3.86742974597
0.125063823706 2.9928633046
0.138014636905 3.57711506105
0.152184099038 2.58113355718
0.143963328664 1.76213393362
0.223667699948 2.45352501516
0.283044590127 5.28789665557
0.411079992216 8.14612158269
0.422453263687 6.61374629087
0.391915756254 7.52389968301
0.35616451255 7.53478628496
0.276206010072 8.5700768748
0.275467312035 7.37908598405
0.210328219695 8.29447484775
0.303552301918 7.563271874
0.269793180047 7.06927291594
0.263607663015 7.21294031585
0.256446797601 7.49179046423
0.302952405503 6.21021681103
0.278312342522 10.4307079741
0.266126586421 10.2100000862
0.228046047982 10.4486671858
0.178021234688 10.1465807541
0.146576396463 6.48829857821
Block  8
0.145582416521 4.20674933886
0.148327340703 3.06487183419
0.162049375192 2.30145866789
0.143068654848 2.70689342236
0.148130212988 2.59301422287
0.212659352016 3.05514160719
0.348544631288 4.44985152112
0.34283412899 8.57645576214
0.374146548828 6.73619899053
0.451789154363 9.28017408457
0.348902049292 7.45735254899
0.307648110672 6.83545265509
0.306936084552 7.85058423558
0.274701947572 7.24256800866
0.289478427521 6.54583121078
0.244250363357 6.58431846435
0.253173142335 6.32477786487
0.279619455689 6.03504299902
0.311638508532 5.99807277382
0.251332767462 7.49182033954
0.267786183363 10.6331029827
0.246495436063 10.5267653322
0.214008971775 9.03137912171
0.131956962681 5.25994637235
Block  9
0.148371965007 5.78862052306
0.132770478646 4.09608837795
0.141181301878 4.07814410731
0.125751500985 3.30913794817
0.149506387823 2.68511098467
0.178425222432 3.69482354112
0.302445763733 6.16379347156
0.393421351734 11.0065732651
0.40620807476 10.6924917975
0.396357212625 10.1066786315
0.389045190177 8.15466394157
0.284094632121 9.28015729177
0.309064135739 7.86673623811
0.256789797305 9.61448344946
0.27040480765 7.64077038263
0.253142568526 7.0594667249
0.266055708452 7.85290311668
0.305647443961 7.29269977169
0.310676680811 9.81278457727
0.266445416549 11.9308750408
0.245430234486 15.9415870841
0.218732347859 12.8282768352
0.215083704636 9.32872236483
0.137052398739 7.80853513535
Block  10
0.149705844909 4.34055397847
0.173034678605 3.39105420776
0.134129638783 4.0753777739
0.133504157239 3.3143934347
0.125641394453 4.68472720657
0.170361497998 4.05018668212
0.292343975481 5.61147525701
0.374770116205 11.137383752
0.395384420533 9.66606377798
0.419814673398 8.48771294519
0.313203065119 8.12365916567
0.317049459864 9.69763936017
0.248486699845 8.23910689577
0.269510667692 8.39416631715
0.245814645617 9.82674513763
0.254346299364 8.01260097846
0.241609685236 6.89650527441
0.256274540288 8.44845659041
0.281242173224 11.7827147975
0.248209669433 12.9001755585
0.230616911782 13.1972680218
0.220540789878 10.556917014
0.197568114836 6.89784204226
0.136387096164 7.25228126592
Block  11
0.156818876415 3.92024940023
0.157034518498 5.06338157756
0.144798342532 3.26935277387
0.132007424034 2.72497431181
0.155764052336 3.26162116746
0.19125365356 2.53305902813
0.327505786208 6.97756117852
0.337781527026 11.8672273156
0.433374849293 9.33163892358
0.435364169403 8.48684997864
0.370956816894 9.20599839453
0.278639265 10.1918116721
0.31358118566 10.2151285239
0.23228680548 7.12326701451
0.229641111302 8.68025346174
0.269445727374 8.19938107176
0.245009469205 9.21568966491
0.265964283316 10.8130924365
0.316809153908 11.9668238543
0.276167268155 11.3788484637
0.260738106153 13.3609405792
0.246933270338 10.5151442805
0.198113502821 8.66892403935
0.135439432958 5.83365175855
Block  12
0.183128370276 3.40387153694
0.144479894795 2.84376128393
0.126443663345 3.75109901762
0.134390624673 3.37381652732
0.135718679628 3.78806929715
0.197117629856 3.5381584419
0.345379153974 5.73254997013
0.406753783019 9.34644386919
0.40990481822 9.37308937117
0.443352004619 7.76857250465
0.403361921852 7.61619957722
0.297394081986 7.9005596865
0.283013497911 8.41399560019
0.29807623186 6.60815423851
0.313285109764 6.71824716723
0.221144748977 5.86043892213
0.25735454144 3.83802866065
0.272618708089 4.72657154394
0.28719254865 6.11287381188
0.265973231736 9.72165066025
0.238526224973 11.4080840197
0.25355717304 12.1186752164
0.210421006556 8.38246351379
0.137047291108 5.07551924043
Block  13
0.136239348207 3.80781081988
0.135259897974 3.68403257857
0.134078335312 2.54376807119
0.134803560784 2.47920080671
0.145464772368 1.8496998243
0.190546582231 3.07370591306
0.301360979558 4.98420033707
0.393065694255 8.08152590542
0.379541249405 6.24773352825
0.303196306046 7.98138144434
0.359554390878 7.01871419848
0.267575484677 5.47739370139
0.25659306304 6.46778854323
0.248682608962 7.26154860619
0.244403027804 7.462945917
0.255011293868 4.62675152132
0.260548344842 4.52662173812
0.242068172216 5.99928001013
0.292555909187 7.27892609936
0.240524427034 7.65528293664
0.237668761094 6.20626387128
0.247047282924 10.1749956187
0.185056099602 6.71767586298
0.13200242422 4.98647336702
Block  14
0.153342622907 3.82438682144
0.153169840373 3.11021880259
0.133069756143 2.4597311723
0.14528096916 2.11602268419
0.154482490917 2.4123492699
0.197399189461 2.14963328035
0.340201410932 3.89679538082
0.328544913216 10.0656130285
0.441297586669 8.51842033478
0.356115486886 6.9103083607
0.353340006226 8.52609130845
0.256179624483 8.62136059796
0.257328506 8.44427975851
0.296995892227 8.85697755219
0.310057349534 6.96873962779
0.286111586623 6.54294857079
0.256335717371 5.14222347239
0.306563924818 7.494514111
0.272805351854 8.42529955788
0.268871716623 9.83157293824
0.263547263313 14.3850047605
0.250249555444 10.0201119375
0.215672344078 6.76274420335
0.14263856421 4.25094942807
Block  15
0.163878125447 4.60037196757
0.154120083052 3.18146208527
0.128473499213 2.62091498527
0.138069692547 2.55463704663
0.152960256276 2.03029511155
0.193610020402 3.35318496955
0.349027276871 3.81308979176
0.348645608032 10.9299353264
0.408871079926 10.2719820269
0.389461166228 9.21659481804
0.354017852657 9.14962665905
0.318957301218 6.84126989381
0.296646860762 8.28350929498
0.307133586571 7.5379436692
0.273744479396 8.90262330103
0.257140039667 8.89866520552
0.210931647697 8.84260790491
0.257843053038 11.5392635484
0.339575970881 12.4051875746
0.256774142 14.8875534592
0.256835277951 11.0022259366
0.211867505767 12.3994862539
0.209239097685 8.54892943239
0.129972458621 4.76934681062
Block  16
0.135812959617 4.76803619533
0.150597343934 4.1290373745
0.122823613365 3.6114396243
0.126979683414 2.93220815087
0.137014597762 3.02279642715
0.180022220851 3.30952956778
0.26397158938 6.63622603593
0.333681824498 10.7994734242
0.388468840449 10.3288669291
0.39088929379 7.6777405244
0.342162592929 8.69706061609
0.263126509497 9.19467114366
0.300637256507 11.7848173783
0.250726943107 8.93462981662
0.256457481856 9.90571275376
0.225929192448 8.26132623978
0.28691908267 8.78147914875
0.246922173974 9.24303525039
0.270745341604 12.9235627534
0.232066283635 13.7366854648
0.223735647584 13.7985869842
0.224 13.2043765472
0.18986405663 9.97132448574
0.147779430233 6.35532225776
Block  17
0.152698919446 3.9550422956
0.134904558856 2.5718413948
0.134632685482 2.81659195483
0.13150041825 2.13482270927
0.149055828467 1.78632601728
0.22112702232 2.30904503204
0.301127813395 5.12431819855
0.400131428408 10.3203678927
0.47254206162 8.78876015147
0.450167124522 7.71135646693
0.358345140891 8.53857975075
0.315060692566 10.0349984833
0.277990215655 8.22572720433
0.264151547412 8.72844467474
0.281767634763 8.25155826253
0.290528897014 8.69508801336
0.293000750852 7.00074311484
0.289565260347 7.29309109774
0.298865923116 7.84141175044
0.268737492732 9.22289279782
0.234473111465 11.1291597616
0.255723600788 9.84321558232
0.184684487708 8.57215544423
0.1550779159 4.33316835583
